
strategic_region={
	id=1
	name="STRATEGICREGION_1"
	provinces={
		4 16 74 81 83 94 114 119 134 139 164 176 178 186 204 272 273 314 352 363 371 406 407 408 412 424 458 462 492 552 556 563 588 595 602 627 647 655 658 698 714 762 764 801 890 896 910 943 980 1016 1035 1039 1042 1132 1161 1165 1198 1238 1239 1249 1274 1279 1282 1294 1320 1331 1335 1341 1344 1357 1364 1458 1468 1471 1532 1543 1545 1577 1579 1583 1603 1683 1702 1708 1709 1766 1787 1790 1802 1805 1827 1840 1854 1857 1877 1887 1894 1897 1916 1920 1923 1934 1938 1966 1969 1982 1994 2003 2016 2023 2052 2066 2083 2084 2102 2116 2126 2166 2169 2179 2185 2187 2275 2287 2293 2322 2324 2331 2342 2361 2362 2363 2427 2447 2487 2524 2558 2562 2565 2599 2629 2659 2678 2753 2763 2775 2791 2839 2846 2864 2883 2902 2929 2931 2952 2959 2962 2972 2974 3009 3025 3034 3046 3047 3065 3085 3093 3142 3150 3187 3227 3256 3261 3264 3276 3278 3280 3299 3308 3350 3352 3384 3385 3402 3477 3490 3529 3569 3616 3678 3683 3693 3706 3732 3740 3754 3779 3789 3860 3862 3868 3945 3968 4002 4033 4055 4112 4113 4118 4175 4197 4234 4276 4283 4306 4350 4380 4388 4447 4455 4490 4499 4524 4525 4555 4626 4649 4669 4687 4696 4705 4735 4779 4800 4810 4822 4833 4836 4841 4886 4910 4959 4973 4989 5003 5025 5035 5053 5055 5075 5094 5106 5120 5149 5157 5160 5177 5220 5241 5264 5281 5312 5347 5351 5355 5431 5432 5494 5504 5539 5548 5552 5564 5574 5598 5646 5674 5692 5697 5709 5775 5793 5803 5833 5882 5897 5965 5966 5979 5982 5990 6020 6030 6032 6046 6066 6076 6115 6150 6152 6197 6286 6293 6321 6329 6358 6365 6369 6375 6400 6414 6445 6461 6469 6479 6490 6498 6501 6530 6576 6586 6616 6620 6651 6671 6703 6732 6743 6759 6783 6790 6810 6846 6889 6898 6926 6957 6982 7025 7083 7092 7123 7177 7185 7204 7252 7271 7293 7327 7334 7372 7378 7384 7445 7456 7466 7514 7520 7535 7565 7592 7636 7666 7668 7741 7768 7781 7786 7796 7830 7831 7866 7900 7905 7940 7947 7956 7957 7984 7998 8034 8039 8074 8089 8102 8103 8135 8151 8182 8189 8235 8244 8281 8338 8370 8397 8448 8462 8500 8505 8510 8528 8539 8575 8587 8606 8619 8628 8646 8651 8673 8679 8722 8725 8748 8824 8853 8867 8884 8899 8912 8964 9012 9014 9046 9052 9055 9087 9099 9105 9174 9175 9190 9195 9204 9206 9220 9231 9259 9299 9335 9336 9343 9366 9367 9381 9393 9397 9404 9430 9469 9488 9505 9517 9524 9536 9641 9645 9655 9668 9674 9710 9771 9776 9784 9803 9860 9877 9890 9906 9933 9956 10075 10091 10122 10149 10187 10207 10237 10241 10322 10327 10333 10352 10391 10395 10397 10413 10422 10434 10435 10448 10454 10464 10486 10490 10498 10532 10583 10667 10704 10767 10847 10902 10905 10913 10974 10982 11002 11009 11023 11031 11034 11035 11041 11048 11049 11065 11080 11081 11086 11098 11114 11118 11124 11145 11166 11167 11170 11176 11182 11188 11198 11219 11224 11239 11245 11262 11269 11280 11281 11295 11296 11304 11305 11306 11330 11338 11350 11351 11360 11361 11367 11380 11389 11390 11412 11420 11421 11431 11443 11444 11450 11470 11471 11481 11482 11502 11503 11511 11512 11526 11532 11540 11548 11549 11558 11565 11572 11578 11595 11610 11618 11626 11627 11628 11629 11641 11658 11666 11667 11668 11694 11695 11696 11701 11702 11706 11707 11708 11724 11725 11733 11754 11767 11768 11777 11781 11782 11800 11819 11830 11831 11832 11846 11853 11854 11855 11867 11868 11869 11894 11904 11905 11906 11907 11917 11918 11941 11942 11943 11952 11972 11983 11984 11994 12018 12019 12020 12021 12034 12047 12057 12060 12061 12069 12082 12083 12084 12105 12113 12114 12115 12122 12123 12136 12146 12147 12157 12167 12168 12169 12182 12193 12194 12205 12219 12220 12221 12222 12225 12238 12246 12247 12267 12268 12278 12279 12290 12291 12292 12293 12305 12315 12320 12329 12330 12339 12354 12355 12356 12366 12367 12377 12378 12391 12392 12393 12402 12403 12415 12416 12426 12427 12431 12443 12448 12449 12450 12460 12461 12462 12463 12475 12484 12495 12496 12511 12512 12513 12514 12541 12542 12554 12555 12565 12573 12584 12585 12586 12596 12597 12613 12614 12615 12626 12635 12646 12658 12659 12671 12672 12680 12681 12689 12690 12696 12697 12703 12708 12709 12710 12711 12720 12726 12732 12733 12734 12744 12754 12755 12762 12767 12790 12791 12792 12793 12800 12804 12805 12806 12819 12835 12843 12847 12848 12849 12850 12870 12878 12879 12880 12881 12885 12888 12889 12903 12910 12911 12913 12914 12915 12923 12924 12925 12932 12933 12942 12951 12956 12957 12961 12968 12972 12978 12979 12980 12981 12982 12994 12995 13007 13011 13032 13039 13051 13052 13053 13054 13057 13069 13076 13080 13086 13087 13088 13100 13109 13110 13119 13132 13133 13142 13153 13155 13156 13164 13169 13170 13171 13172 13173 13199 13200 13201 13208 13209 13210 13211 13212 13215 13216 13217 13226 13227 13231 13237 13255 13256 13262 13263 13272 13273 13274 13288 13305 13314 13315 13316 13320 13327 13334 13335 13360 13370 13385 13386 13387 13392 13396 13397 13413 13414 13415 13416 13427 13428 13429 13434 13435 13442 13450 13451 13458 13459 13470 13471 13478 13479 13487 13488 13489 13494 13505 13508 13511 13512 13513 13514 13525 13526 13527 13532 13533 13536 13537 13540 13549 13558 13569 13570 13571 13579 13580 13584 13585 13592 13593 13594 13599 13603 13611 13627 13633 13634 13635 13646 13653 13654 13655 13656 13663 13668 13669 13680 13695 13696 13705 13706 13711 13712 13713 13714 13726 13727 13739 13740 13762 13776 13777 13778 13779 13786 13815 13824 13825 13833 13834 13840 13848 13854 13881 13882 13883 13891 13892 13893 13905 13906 13911 13912 13917 13954 13955 13956 13961 13962 13981 13982 13983 13992 13997 14006 14007 14014 14027 14028 14056 14066 14067 14074 14080 14081 14082 14083 14105 14111 14122 14132 14152 14153 14154 14163 14189 14199 14200 14215 14254 14255 14259 14267 14273 14290 14304 14314 14315 14324 14337 14354 14358 14363 14378 14398 14399 14411 14432 14441 14457 14509 14574 
	}
	weather={
	}
}
