
strategic_region={
	id=10
	name="STRATEGICREGION_10"
	provinces={
		26 32 64 73 123 135 160 188 214 225 298 324 364 382 394 421 479 589 663 688 789 795 831 833 834 838 868 878 951 958 1015 1020 1037 1060 1114 1130 1148 1199 1298 1346 1347 1390 1408 1420 1515 1534 1705 1714 1725 1738 1771 1803 1818 1847 1852 1867 1895 1917 1925 1998 2010 2012 2026 2068 2081 2133 2135 2155 2312 2319 2335 2346 2354 2379 2395 2416 2428 2431 2474 2478 2491 2573 2581 2582 2636 2653 2715 2727 2739 2752 2768 2808 2837 2880 2894 2900 2945 2954 2973 2989 2995 2997 3057 3061 3068 3126 3167 3178 3259 3269 3289 3305 3309 3330 3367 3409 3438 3472 3510 3521 3565 3599 3601 3652 3730 3734 3735 3785 3824 3928 4078 4086 4150 4158 4213 4259 4269 4290 4294 4307 4308 4394 4395 4421 4446 4467 4471 4501 4502 4550 4584 4614 4693 4698 4704 4715 4734 4764 4780 4843 4877 4895 4962 4975 5004 5021 5026 5047 5083 5109 5132 5138 5215 5289 5320 5366 5394 5461 5468 5486 5524 5526 5528 5536 5555 5594 5636 5663 5765 5774 5781 5791 5792 5798 5821 5905 5923 5952 5968 6004 6015 6075 6094 6105 6106 6165 6202 6376 6525 6548 6570 6609 6617 6633 6650 6693 6705 6789 6799 6812 6816 6817 6829 6880 6909 6932 6963 7027 7050 7068 7098 7104 7137 7149 7261 7274 7305 7375 7437 7463 7482 7492 7494 7533 7545 7584 7626 7673 7687 7696 7735 7838 7931 7953 7979 8002 8048 8053 8061 8081 8117 8183 8284 8361 8362 8363 8423 8438 8458 8548 8562 8588 8608 8625 8640 8660 8665 8718 8747 8800 8818 8836 8876 8885 8967 8993 9145 9169 9194 9201 9212 9218 9293 9328 9345 9388 9394 9439 9443 9463 9472 9481 9492 9537 9564 9596 9608 9616 9619 9723 9726 9731 9805 9826 9914 9935 9995 10002 10060 10086 10103 10160 10178 10185 10190 10198 10224 10247 10255 10261 10293 10318 10392 10444 10446 10478 10524 10533 10541 10552 10612 10622 10678 10731 10733 10775 10788 10800 10830 10886 10889 10908 19855 19913 19937 19942 19962 19977 19983 20057 20076 20127 20147 20164 20193 20211 20219 20249 20306 20312 20319 20347 20356 20360 20377 20393 20411 20412 20431 20470 20471 20472 20484 20514 20523 20524 20533 20534 20542 20563 20571 20582 20587 20596 20610 20616 20636 20653 20654 20655 20667 20683 20684 20692 20703 20723 20726 20739 20748 20754 20764 20772 20777 20789 20790 20801 20822 20823 20840 20850 20851 20880 20881 20882 20893 20894 20895 20906 20907 20912 20922 20934 20943 20951 20984 20997 20998 20999 21003 21004 21018 21019 21026 21027 21030 21037 21038 21045 21046 21054 21055 21058 21067 21068 21076 21077 21078 21082 21093 21094 21095 21103 21112 21113 21121 21123 21124 21125 21130 21145 21151 21158 21159 21160 21170 21171 21172 21173 21193 21208 21221 21222 21223 21224 21225 21226 21227 21235 21236 21245 21246 21256 21257 21263 21274 21275 21283 21286 21298 21299 21300 21301 21302 21310 21323 21331 21349 21356 21357 21362 21368 21371 21372 21376 21377 21378 21396 21397 21405 21406 21407 21408 21415 21416 21417 21420 21427 21428 21432 21433 21438 21446 21447 21464 21465 21472 21473 21474 21475 21476 21483 21489 21495 21507 21508 21518 21523 21530 21531 21543 21550 21558 21559 21560 21561 21568 21569 21585 21586 21591 21611 21612 21613 21627 21628 21629 21630 21636 21640 21647 21648 21666 21667 21678 21679 21688 21689 21694 21713 21724 21725 21732 21733 21734 21743 21754 21755 21756 21772 21778 21784 21785 21793 21796 21802 21803 21813 21814 21822 21823 21824 21835 21843 21869 21870 21878 21879 21898 21903 21904 21905 21913 21914 21923 21924 21925 21948 21949 21950 21955 21962 21969 21973 21974 21975 21982 21983 21993 22006 22007 22011 22012 22032 22038 22039 22040 22041 22049 22071 22081 22092 22093 22100 22101 22122 22123 22135 22136 22137 22143 22148 22160 22169 22178 22186 22194 22199 22203 22211 22216 22255 22262 22263 22271 22303 22311 22330 22348 22361 22403 22447 22448 22483 22491 22499 22528 22532 22533 22550 22553 22588 22607 22612 22623 22631 22651 22669 22682 22698 22707 22712 22713 22714 22724 22728 22746 22763 22764 22769 22787 22797 22804 22818 22824 22846 22847 22856 22867 22895 22898 22936 22968 22975 
	}
	weather={
	}
}
