
strategic_region={
	id=15
	name="STRATEGICREGION_15"
	provinces={
		3 22 30 39 97 170 175 240 268 301 362 393 415 459 480 654 747 767 782 792 799 818 835 879 892 902 903 936 986 1011 1025 1028 1029 1051 1065 1111 1131 1160 1190 1267 1306 1316 1332 1350 1351 1466 1483 1484 1598 1630 1650 1689 1713 1752 1836 1839 1942 1947 1981 2049 2053 2070 2079 2248 2251 2266 2273 2290 2310 2367 2376 2459 2488 2495 2505 2507 2516 2546 2551 2552 2578 2586 2591 2596 2624 2649 2694 2720 2754 2795 2935 2936 2987 3012 3132 3169 3204 3215 3246 3253 3294 3306 3360 3388 3412 3450 3469 3498 3527 3592 3594 3623 3629 3687 3750 3763 3783 3933 3973 4071 4075 4121 4152 4161 4200 4261 4284 4302 4310 4378 4422 4433 4453 4463 4468 4484 4506 4510 4630 4681 4699 4767 4842 4901 4925 4930 4954 5049 5162 5228 5244 5372 5373 5422 5449 5621 5708 5730 5734 5737 5744 5747 5757 5795 5805 5865 5866 5885 5906 5925 5938 5997 6031 6058 6059 6078 6127 6174 6303 6350 6353 6363 6364 6374 6397 6420 6473 6476 6497 6602 6681 6708 6779 6804 6831 6908 6937 6941 6942 6965 7011 7023 7056 7343 7360 7388 7503 7604 7622 7639 7709 7725 7761 7779 7840 7847 7872 7948 7973 7976 8021 8080 8185 8234 8269 8272 8296 8315 8418 8482 8483 8530 8538 8612 8616 8694 8797 8815 8817 8822 8931 9002 9110 9160 9238 9264 9266 9268 9315 9398 9417 9433 9464 9527 9568 9617 9712 9728 9760 9835 9886 9889 9988 10100 10119 10124 10139 10245 10344 10349 10362 10447 10474 10537 10540 10579 10582 10643 10644 10665 10695 10806 10898 18714 18733 18765 18781 18788 18826 18842 18876 18887 18903 18915 18924 18941 18964 18982 18985 19001 19002 19003 19022 19026 19030 19051 19052 19068 19077 19086 19124 19129 19130 19131 19136 19141 19144 19168 19175 19188 19211 19217 19227 19244 19251 19264 19291 19299 19300 19307 19308 19343 19347 19354 19361 19404 19412 19427 19446 19472 19496 19499 19507 19510 19525 19533 19546 19559 19570 19571 19573 19580 19592 19606 19617 19619 19620 19627 19634 19635 19652 19680 19685 19693 19721 19729 19743 19744 19760 19771 19772 19777 19783 19784 19806 19808 19813 19821 19828 19837 19839 19857 19862 19863 19864 19865 19884 19892 19896 19901 19902 19910 19916 19919 19926 19928 19930 19938 19939 19947 19948 19957 19958 19967 19968 19970 19978 19979 19985 19996 19997 20014 20015 20016 20022 20023 20024 20035 20037 20051 20052 20053 20070 20077 20078 20090 20098 20099 20101 20116 20117 20121 20122 20123 20130 20141 20142 20149 20150 20152 20166 20167 20168 20173 20174 20181 20182 20186 20187 20191 20194 20197 20198 20203 20204 20205 20224 20232 20235 20246 20250 20254 20255 20260 20261 20270 20273 20280 20286 20287 20294 20297 20307 20308 20313 20314 20320 20321 20329 20334 20335 20336 20352 20353 20361 20362 20363 20370 20371 20373 20374 20380 20385 20390 20397 20398 20406 20407 20413 20414 20422 20423 20425 20434 20447 20448 20449 20465 20466 20474 20475 20476 20479 20488 20489 20490 20497 20498 20526 20527 20543 20544 20550 20551 20565 20573 20584 20588 20591 20597 20598 20603 20612 20613 20627 20632 20644 20645 20646 20657 20663 20664 20672 20674 20675 20697 20698 20704 20705 20711 20712 20713 20714 20718 20719 20736 20755 20756 20765 20766 20773 20774 20779 20783 20804 20809 20813 20826 20827 20834 20835 20836 20837 20860 20873 20874 20887 20888 20896 20916 20917 20925 20937 20938 20947 20953 20962 20976 20989 20990 21001 21011 21012 21015 21016 21039 21049 21096 
	}
	weather={
	}
}
