
strategic_region={
	id=16
	name="STRATEGICREGION_16"
	provinces={
		13 110 111 112 121 130 154 172 187 203 237 261 336 380 398 430 435 436 439 485 488 512 522 534 565 581 646 693 702 724 725 727 753 763 778 863 983 992 1073 1084 1090 1119 1129 1144 1147 1191 1211 1260 1311 1324 1557 1581 1601 1646 1657 1668 1700 1712 1734 1789 1796 1825 1859 1872 1880 1904 1915 1936 1944 1950 1974 1976 1990 2034 2061 2226 2231 2237 2243 2292 2329 2341 2343 2358 2370 2443 2462 2465 2494 2500 2502 2509 2510 2521 2531 2535 2539 2547 2603 2618 2635 2637 2642 2658 2689 2706 2757 2828 2841 2928 2934 3024 3067 3076 3092 3115 3143 3147 3148 3162 3173 3207 3211 3273 3301 3357 3372 3396 3479 3486 3511 3547 3560 3600 3607 3674 3701 3723 3743 3776 3786 3817 3820 3833 3856 3870 3912 3922 3943 3961 3971 4022 4089 4094 4098 4123 4155 4171 4221 4263 4271 4304 4341 4363 4449 4462 4478 4512 4514 4517 4535 4580 4582 4647 4673 4726 4729 4739 4777 4803 4808 4811 4831 4919 4927 4945 4974 4996 5010 5076 5091 5116 5119 5151 5170 5173 5243 5246 5260 5265 5271 5279 5315 5364 5378 5385 5387 5399 5429 5482 5485 5515 5578 5622 5643 5742 5773 5811 5854 5860 5867 5890 6016 6048 6069 6085 6102 6121 6147 6154 6200 6222 6257 6327 6380 6391 6401 6485 6506 6556 6571 6628 6638 6642 6656 6679 6726 6729 6742 6787 6839 6872 6903 6914 6923 6978 7001 7054 7133 7145 7165 7166 7256 7265 7295 7324 7331 7368 7409 7418 7450 7474 7489 7558 7568 7632 7660 7733 7819 7822 7826 7832 7844 7850 7874 7898 7903 7906 8000 8028 8144 8193 8202 8213 8216 8237 8255 8325 8330 8331 8336 8381 8399 8426 8447 8461 8525 8565 8682 8684 8779 8830 8877 8915 8928 8997 9039 9044 9092 9119 9142 9166 9203 9240 9275 9298 9341 9347 9380 9389 9408 9426 9428 9490 9495 9503 9504 9549 9558 9566 9583 9605 9729 9752 9809 9830 9854 9864 9896 9911 9924 9957 9984 10014 10015 10030 10108 10144 10227 10252 10259 10378 10384 10425 10427 10428 10451 10466 10585 10587 10606 10708 10712 10757 10802 10808 10813 10822 10871 10873 10885 10914 18029 18077 18108 18142 18160 18191 18192 18205 18261 18267 18271 18285 18294 18302 18321 18327 18333 18344 18345 18352 18355 18375 18389 18396 18407 18413 18420 18421 18435 18451 18452 18453 18467 18468 18470 18475 18482 18506 18514 18521 18522 18527 18531 18539 18540 18546 18561 18567 18568 18569 18575 18579 18593 18596 18597 18626 18636 18637 18645 18646 18647 18653 18667 18674 18691 18692 18693 18694 18700 18704 18705 18706 18715 18720 18721 18729 18734 18740 18754 18755 18759 18760 18772 18782 18783 18789 18790 18796 18797 18807 18808 18809 18812 18827 18828 18835 18843 18851 18852 18853 18854 18858 18859 18863 18864 18865 18877 18883 18884 18894 18904 18909 18910 18916 18917 18918 18919 18925 18928 18929 18933 18934 18942 18943 18948 18955 18956 18957 18965 18966 18978 18979 18986 18993 19007 19008 19009 19018 19023 19027 19031 19032 19036 19037 19053 19060 19061 19062 19069 19073 19074 19083 19087 19088 19094 19100 19101 19103 19104 19112 19119 19120 19125 19126 19137 19138 19142 19145 19146 19150 19151 19156 19157 19161 19162 19169 19174 19178 19179 19180 19184 19189 19196 19197 19198 19204 19207 19208 19212 19213 19218 19221 19222 19228 19229 19230 19231 19236 19237 19245 19246 19247 19248 19252 19253 19258 19259 19265 19269 19270 19271 19275 19276 19282 19283 19284 19285 19286 19287 19292 19301 19302 19303 19309 19313 19314 19315 19323 19330 19331 19338 19339 19340 19344 19348 19349 19355 19356 19357 19362 19363 19369 19370 19371 19374 19375 19384 19385 19389 19395 19398 19399 19400 19405 19413 19417 19418 19419 19428 19429 19430 19431 19442 19443 19444 19447 19451 19452 19458 19459 19463 19464 19469 19473 19474 19475 19476 19483 19484 19485 19486 19487 19488 19497 19503 19508 19511 19512 19517 19518 19519 19521 19526 19534 19535 19536 19547 19548 19549 19550 19556 19560 19561 19563 19565 19572 19574 19575 19576 19577 19586 19587 19588 19593 19598 19599 19607 19610 19611 19621 19622 19628 19629 19630 19631 19636 19641 19642 19643 19644 19660 19661 19662 19667 19674 19681 19682 19686 19687 19688 19689 19698 19700 19701 19707 19708 19714 19730 19731 19732 19737 19745 19746 19747 19748 19749 19756 19773 19778 19785 19790 19797 19798 19814 19815 19827 19831 19832 19838 19843 19856 19866 19869 19870 19875 19881 19885 19893 19894 19895 19903 19911 19927 19944 19951 19952 19959 19971 19972 19984 19988 19998 20008 20009 20010 20017 20027 20036 20058 20059 20062 20071 20072 20084 20100 20118 20131 20159 20183 20221 
	}
	weather={
	}
}
