
strategic_region={
	id=18
	name="STRATEGICREGION_18"
	provinces={
		35 40 65 72 120 150 166 208 235 255 270 286 287 341 353 399 432 483 502 527 544 545 567 612 625 630 637 665 682 766 769 780 836 854 858 871 876 885 912 921 922 935 970 1061 1062 1066 1075 1079 1094 1104 1174 1179 1230 1236 1240 1252 1264 1265 1277 1304 1305 1328 1349 1372 1380 1405 1407 1418 1478 1485 1527 1563 1572 1588 1629 1681 1729 1808 1891 1914 1918 1972 1988 1989 2027 2111 2181 2205 2235 2250 2340 2372 2386 2406 2450 2473 2476 2485 2550 2583 2589 2590 2614 2647 2687 2758 2786 2790 2820 2821 2827 2835 2849 2867 2888 2908 2914 2916 3054 3102 3134 3141 3163 3176 3182 3192 3193 3225 3254 3258 3286 3287 3364 3380 3523 3567 3568 3573 3581 3586 3605 3617 3618 3637 3642 3676 3691 3717 3722 3737 3761 3777 3794 3810 3826 3847 3861 3934 3942 3965 3983 4039 4085 4104 4107 4131 4228 4233 4241 4278 4282 4297 4330 4348 4425 4437 4466 4477 4542 4543 4560 4583 4596 4618 4629 4703 4721 4766 4819 4844 4870 4950 4990 5037 5054 5078 5082 5131 5141 5184 5227 5267 5280 5301 5376 5437 5456 5542 5583 5626 5628 5635 5640 5645 5652 5665 5712 5714 5717 5720 5772 5817 5850 5875 5883 5898 5932 5998 6041 6070 6071 6098 6189 6190 6242 6245 6262 6301 6324 6342 6373 6379 6404 6423 6439 6495 6499 6517 6545 6582 6600 6612 6640 6648 6682 6696 6748 6805 6811 6828 6849 6886 6921 6927 6955 7006 7055 7077 7112 7117 7179 7211 7229 7253 7269 7276 7298 7303 7318 7335 7376 7389 7399 7471 7501 7509 7539 7553 7562 7563 7580 7587 7609 7610 7649 7653 7739 7740 7798 7809 7892 7902 7925 7950 7993 7995 8001 8026 8049 8108 8124 8129 8149 8156 8174 8205 8221 8228 8251 8263 8333 8337 8340 8348 8359 8409 8453 8460 8481 8486 8557 8560 8626 8653 8666 8710 8711 8728 8743 8757 8759 8770 8775 8796 8812 8823 8846 8861 8870 8879 8935 8939 8987 8996 9010 9016 9056 9130 9207 9216 9251 9308 9322 9358 9379 9396 9447 9458 9483 9519 9563 9586 9599 9610 9638 9694 9704 9743 9768 9773 9804 9808 9858 9867 9883 9887 9982 9997 10053 10061 10074 10087 10142 10151 10167 10176 10177 10211 10218 10221 10253 10278 10306 10343 10365 10372 10380 10418 10455 10461 10506 10509 10546 10565 10659 10677 10707 10793 10798 10815 10865 10900 10909 10912 20628 20693 20729 20784 20785 20797 20875 20883 20897 20903 20908 20944 20948 20963 20964 20978 20991 20992 21005 21006 21013 21017 21022 21023 21028 21032 21040 21050 21056 21057 21070 21072 21084 21085 21090 21105 21106 21107 21114 21115 21116 21117 21126 21127 21132 21138 21143 21147 21148 21149 21154 21162 21163 21174 21175 21176 21177 21181 21182 21183 21190 21199 21204 21205 21210 21211 21216 21217 21218 21228 21229 21230 21231 21239 21240 21249 21253 21254 21258 21259 21265 21266 21272 21273 21277 21278 21279 21284 21285 21291 21292 21293 21304 21305 21306 21307 21313 21321 21322 21324 21325 21326 21338 21339 21340 21346 21353 21354 21355 21358 21364 21365 21373 21380 21381 21384 21385 21392 21399 21400 21401 21410 21411 21418 21419 21422 21423 21424 21430 21431 21435 21436 21440 21441 21449 21454 21455 21456 21459 21460 21467 21468 21481 21486 21487 21488 21490 21500 21509 21510 21511 21527 21532 21533 21541 21542 21553 21554 21564 21565 21573 21589 21592 21593 21596 21597 21598 21599 21600 21603 21604 21605 21632 21633 21637 21651 21652 21653 21654 21659 21660 21661 21671 21672 21683 21684 21685 21691 21695 21701 21702 21707 21708 21718 21719 21729 21736 21737 21749 21750 21751 21758 21759 21764 21765 21766 21767 21769 21775 21781 21782 21783 21789 21799 21807 21808 21809 21818 21819 21826 21833 21839 21840 21847 21848 21849 21850 21857 21858 21863 21864 21874 21875 21884 21885 21886 21892 21893 21900 21908 21921 21928 21929 21930 21931 21932 21933 21939 21945 21952 21953 21963 21986 21987 21988 21989 21990 21995 21996 21997 21998 21999 22004 22013 22018 22019 22024 22025 22029 22033 22043 22045 22046 22052 22053 22054 22055 22065 22066 22067 22073 22087 22089 22090 22095 22102 22103 22104 22105 22112 22113 22117 22127 22128 22129 22132 22133 22139 22146 22147 22155 22156 22158 22159 22163 22164 22165 22167 22173 22174 22175 22180 22189 22190 22191 22197 22198 22205 22207 22208 22212 22213 22217 22218 22219 22225 22226 22229 22230 22235 22236 22244 22252 22257 22260 22261 22266 22272 22273 22278 22279 22283 22284 22287 22288 22289 22291 22297 22301 22302 22305 22308 22309 22316 22323 22324 22325 22326 22328 22331 22332 22339 22352 22359 22364 22365 22366 22373 22377 22386 22387 22389 22390 22391 22399 22400 22401 22406 22409 22410 22417 22420 22421 22422 22423 22428 22432 22437 22438 22439 22440 22441 22442 22446 22453 22456 22457 22460 22461 22462 22463 22467 22475 22476 22477 22482 22487 22494 22495 22496 22497 22503 22504 22509 22517 22524 22525 22539 22546 22547 22548 22556 22559 22560 22566 22567 22579 22580 22584 22585 22593 22599 22600 22601 22605 22609 22610 22614 22620 22625 22626 22634 22638 22639 22641 22642 22649 22653 22655 22666 22674 22678 22683 22684 22689 22691 22704 22705 22719 22730 22731 22732 22759 22760 22761 22770 22771 22776 22783 22795 22799 22800 22814 22821 22825 22833 22843 22874 22877 22878 22881 22882 22911 22921 22924 22959 22963 22993 
	}
	weather={
	}
}
