
strategic_region={
	id=20
	name="STRATEGICREGION_20"
	provinces={
		125 184 247 451 583 781 808 846 851 866 893 933 1010 1074 1095 1163 1203 1275 1362 1409 1460 1477 1519 1561 1669 1727 1745 1826 1873 1878 1905 1929 1983 2033 2091 2190 2270 2345 2449 2598 2749 2777 2906 3108 3186 3377 3433 3454 3536 3665 3749 3793 3866 3930 3941 4219 4243 4312 4316 4332 4415 4500 4513 4613 4637 4642 4773 4851 4867 4924 4935 5022 5023 5122 5128 5159 5186 5231 5329 5367 5418 5421 5475 5481 5502 5521 5532 5538 5607 5627 5680 5694 5715 5799 5880 5884 5908 5942 5995 6003 6087 6117 6134 6136 6145 6213 6264 6312 6457 6486 6508 6521 6572 6610 6745 6769 6785 6874 6971 6975 7034 7036 7038 7167 7182 7231 7272 7291 7308 7325 7353 7366 7391 7495 7704 7705 7780 7837 7848 7951 7955 7980 7989 8096 8162 8173 8320 8354 8394 8471 8622 8686 8692 8703 8713 8721 8756 8767 8894 8922 8944 8992 9001 9060 9167 9173 9188 9198 9369 9434 9570 9582 9657 9764 9775 9828 9899 9966 9994 10042 10052 10118 10130 10240 10277 10279 10467 10557 10564 10595 10686 10699 10739 10766 10781 10875 10876 13350 13564 13572 13586 13601 13629 13648 13673 13716 13717 13736 13743 13770 13796 13812 13865 13932 13939 13976 14002 14010 14035 14050 14112 14168 14195 14196 14212 14218 14262 14276 14277 14294 14295 14326 14340 14348 14356 14360 14361 14365 14374 14401 14407 14415 14423 14424 14442 14447 14464 14470 14477 14483 14484 14491 14512 14522 14527 14534 14541 14547 14564 14565 14571 14617 14626 14629 14630 14634 14682 14688 14698 14699 14718 14745 14746 14763 14773 14787 14791 14792 14798 14799 14805 14814 14838 14839 14850 14864 14865 14875 14899 14929 14930 14947 14986 14987 15009 15030 15043 15049 15060 15066 15074 15075 15087 15088 15093 15094 15113 15117 15132 15142 15158 15164 15176 15177 15202 15234 15241 15242 15262 15278 15289 15329 15377 15385 15391 15399 15415 15416 15449 15450 15471 15472 15487 15521 15535 15546 15547 15603 15653 15663 15672 15687 15704 15721 15743 15753 15780 15781 15793 15808 15858 15921 15922 15928 15939 15940 15948 15982 15988 16002 16003 16012 16019 16041 16048 16063 16064 16071 16075 16087 16114 16137 16138 16182 16198 16218 16228 16229 16230 16253 16279 16296 16305 16314 16315 16324 16334 16335 16373 16392 16403 16428 16450 16469 16470 16479 16486 16519 16529 16538 16542 16555 16607 16619 16638 16669 16688 16689 16712 16720 16732 16740 16748 16773 16783 16784 16785 16808 16824 16838 16855 16856 16857 16877 16878 16905 16906 16925 16926 16939 16967 16988 16989 16996 16997 17050 17062 17063 17083 17094 17138 17155 17167 17179 17188 17189 17203 17212 17219 17224 17231 17232 17241 17271 17272 17307 17308 17315 17339 17343 17391 17392 17400 17401 17402 17457 17475 17487 
	}
	weather={
	}
}
