
strategic_region={
	id=24
	name="STRATEGICREGION_24"
	provinces={
		2 82 109 127 165 179 275 299 320 323 387 395 446 491 501 508 525 548 570 598 624 740 773 787 807 821 824 825 865 919 926 934 1005 1014 1027 1143 1156 1169 1194 1273 1286 1309 1470 1499 1512 1530 1559 1569 1691 1692 1699 1737 1763 1767 1791 1830 1883 1892 1902 1935 1955 1959 1980 2072 2121 2153 2176 2191 2229 2339 2357 2360 2413 2444 2453 2557 2566 2604 2634 2673 2704 2792 2813 2871 2887 2898 2965 3029 3045 3051 3103 3277 3282 3312 3355 3371 3399 3424 3453 3505 3519 3531 3540 3544 3554 3593 3619 3634 3658 3660 3670 3716 3787 3808 3812 3815 3836 3845 3896 3923 3929 4011 4037 4051 4110 4164 4173 4180 4201 4214 4293 4324 4365 4366 4401 4448 4567 4570 4682 4685 4695 4746 4747 4748 4768 4802 4812 4817 4854 4879 4957 5000 5007 5064 5079 5124 5152 5171 5181 5214 5233 5255 5263 5275 5292 5293 5307 5327 5371 5375 5398 5470 5484 5531 5573 5609 5666 5748 5838 5844 5855 5920 5922 5947 5953 5962 6029 6099 6168 6185 6217 6232 6238 6244 6251 6295 6296 6338 6351 6390 6539 6544 6595 6631 6641 6666 6694 6721 6722 6723 6757 6762 6813 6814 6832 6843 6866 6948 6970 7016 7045 7072 7079 7139 7170 7187 7191 7254 7279 7304 7350 7403 7428 7484 7536 7547 7585 7616 7669 7703 7729 7772 7812 7887 7901 7959 7991 8064 8072 8088 8110 8127 8134 8280 8295 8410 8416 8469 8480 8506 8546 8578 8629 8661 8670 8851 8943 8960 9020 9023 9120 9133 9156 9228 9295 9320 9352 9359 9362 9457 9466 9487 9516 9526 9688 9706 9727 9749 9751 9786 9806 9820 9824 9881 9895 9905 9986 10008 10054 10056 10062 10076 10090 10201 10226 10286 10287 10386 10415 10420 10429 10544 10555 10567 10639 10720 10743 10758 10772 10841 10844 10866 16280 16342 16356 16365 16393 16394 16429 16435 16451 16471 16480 16487 16488 16489 16507 16530 16531 16532 16543 16544 16545 16556 16562 16568 16569 16588 16593 16594 16620 16643 16644 16645 16660 16661 16670 16678 16690 16699 16721 16722 16733 16741 16749 16750 16751 16752 16763 16774 16775 16776 16799 16800 16801 16815 16816 16817 16822 16825 16826 16827 16828 16829 16830 16831 16832 16839 16840 16841 16848 16858 16864 16874 16879 16880 16881 16888 16897 16898 16899 16900 16907 16908 16909 16916 16929 16940 16941 16942 16951 16952 16953 16958 16959 16960 16968 16977 16978 16990 16991 16998 17004 17005 17006 17015 17016 17017 17018 17022 17032 17033 17034 17036 17037 17042 17043 17044 17051 17052 17064 17065 17066 17067 17077 17087 17088 17095 17096 17100 17101 17102 17103 17108 17117 17118 17119 17120 17121 17139 17140 17150 17162 17163 17164 17165 17168 17169 17170 17171 17180 17181 17190 17191 17192 17199 17204 17220 17225 17226 17233 17234 17235 17236 17242 17248 17260 17261 17266 17267 17278 17279 17280 17281 17289 17293 17294 17299 17300 17301 17309 17316 17325 17332 17340 17347 17359 17362 17363 17364 17368 17377 17378 17379 17403 17404 17420 17427 17428 17433 17434 17438 17439 17440 17441 17447 17458 17459 17465 17469 17488 17489 17490 17502 17503 17517 17524 17531 17532 17533 17554 17555 17561 17562 17563 17573 17574 17575 17581 17582 17591 17599 17600 17610 17611 17616 17631 17638 17639 17646 17655 17656 17662 17679 17680 17684 17689 17692 17698 17708 17715 17722 17728 17737 17738 17739 17740 17741 17747 17748 17749 17756 17761 17771 17775 17776 17781 17786 17793 17802 17803 17804 17805 17812 17814 17815 17816 17828 17829 17852 17853 17864 17865 17866 17874 17879 17880 17887 17895 17901 17906 17915 17916 17924 17936 17944 17954 17962 17972 17978 17982 17990 17991 17992 18013 18014 18023 18030 18041 18052 18059 18066 18067 18078 18085 18086 18087 18102 18109 18110 18119 18134 18143 18152 18153 18161 18174 18193 18196 18222 18223 18240 18250 18251 18252 18268 18295 18307 18308 18315 18334 18337 18346 18356 18357 18367 18376 18383 18414 18422 18454 18476 18483 18487 18488 18501 18502 18554 18555 18627 
	}
	weather={
	}
}
