
strategic_region={
	id=26
	name="STRATEGICREGION_26"
	provinces={
		33 48 77 106 115 128 142 173 229 239 263 264 276 284 311 343 347 369 418 422 444 456 461 463 473 487 497 504 559 586 616 661 666 674 748 759 802 812 852 877 888 895 897 911 916 998 1018 1022 1083 1087 1091 1093 1101 1116 1158 1166 1208 1210 1259 1289 1318 1323 1327 1330 1355 1368 1386 1403 1412 1444 1459 1475 1495 1538 1553 1566 1574 1611 1613 1655 1665 1675 1677 1679 1707 1710 1739 1778 1870 1881 1906 1931 1973 1996 2007 2025 2029 2059 2082 2132 2178 2198 2203 2240 2252 2262 2263 2274 2288 2309 2323 2325 2344 2356 2384 2389 2409 2419 2575 2587 2601 2651 2667 2683 2684 2696 2729 2781 2800 2817 2836 2872 2884 2903 2917 2919 2921 2969 2970 3042 3048 3052 3125 3130 3135 3199 3239 3244 3249 3266 3279 3285 3316 3345 3368 3376 3379 3397 3421 3422 3445 3474 3489 3528 3552 3563 3572 3579 3588 3610 3632 3650 3680 3707 3726 3799 3830 3858 3882 3888 3901 3906 3915 3926 3937 3956 3958 3964 3972 4018 4035 4043 4050 4074 4080 4147 4162 4205 4232 4279 4311 4328 4392 4445 4482 4492 4498 4547 4549 4595 4603 4660 4663 4666 4679 4690 4744 4754 4770 4782 4814 4824 4846 4872 4875 4891 4898 4909 4929 4942 4943 4963 4964 5012 5029 5040 5052 5070 5092 5102 5104 5178 5185 5193 5203 5216 5249 5336 5353 5379 5384 5391 5454 5465 5507 5556 5565 5572 5603 5696 5739 5752 5776 5780 5796 5807 5835 5877 5935 5941 5967 5989 6035 6044 6060 6123 6159 6243 6279 6332 6341 6361 6367 6368 6428 6437 6443 6449 6505 6507 6553 6605 6614 6632 6643 6646 6692 6707 6709 6712 6750 6753 6767 6801 6821 6825 6891 6924 6945 6956 6958 6974 7007 7009 7012 7021 7033 7060 7084 7142 7153 7181 7205 7257 7262 7277 7287 7319 7321 7383 7425 7496 7504 7506 7540 7550 7551 7591 7599 7600 7648 7667 7677 7684 7712 7790 7793 7857 7907 7911 7945 7946 8013 8017 8042 8071 8078 8120 8126 8131 8133 8190 8194 8200 8224 8260 8271 8355 8360 8382 8511 8518 8523 8570 8633 8635 8740 8758 8760 8776 8792 8802 8827 8857 8878 8907 8924 8929 8956 8965 9024 9030 9043 9050 9088 9093 9097 9116 9140 9143 9225 9281 9314 9422 9455 9511 9546 9555 9565 9587 9606 9625 9676 9681 9724 9732 9737 9758 9767 9778 9836 9903 9913 9916 9934 9946 9971 9990 10036 10040 10041 10069 10092 10180 10265 10284 10310 10315 10376 10388 10404 10468 10480 10518 10519 10523 10596 10682 10718 10735 10745 10779 10823 10839 10843 10903 10904 11374 11408 11424 11436 11464 11465 11466 11474 11505 11519 11520 11542 11543 11555 11575 11585 11586 11600 11601 11602 11603 11635 11636 11637 11661 11674 11675 11683 11684 11685 11705 11711 11719 11720 11737 11761 11762 11771 11772 11786 11795 11796 11805 11806 11840 11859 11860 11861 11870 11871 11872 11873 11874 11881 11882 11889 11890 11900 11913 11921 11922 11933 11934 11947 11948 11957 11966 11967 11968 11969 11976 11977 11978 11989 11997 11998 11999 12011 12012 12038 12039 12040 12041 12049 12058 12063 12079 12080 12099 12100 12109 12128 12129 12151 12152 12188 12189 12201 12209 12210 12211 12216 12229 12241 12242 12253 12262 12285 12286 12297 12298 12309 12310 12318 12324 12325 12326 12327 12334 12347 12360 12370 12371 12372 12385 12386 12398 12407 12408 12409 12422 12429 12435 12436 12437 12438 12439 12454 12455 12456 12467 12468 12469 12480 12481 12489 12490 12499 12500 12507 12508 12509 12520 12534 12535 12549 12550 12551 12559 12560 12568 12569 12570 12577 12578 12579 12580 12601 12608 12609 12610 12622 12631 12632 12644 12652 12653 12654 12665 12666 12675 12676 12677 12684 12685 12686 12693 12699 12700 12706 12715 12740 12749 12750 12758 12764 12765 12772 12773 12774 12778 12779 12786 12787 12795 12814 12815 12816 12824 12825 12831 12832 12837 12838 12839 12840 12845 12854 12855 12862 12863 12864 12865 12875 12876 12877 12882 12892 12893 12897 12898 12899 12907 12918 12919 12920 12929 12937 12938 12946 12947 12959 12963 12964 12965 12970 12971 12975 12976 12984 12985 12989 12990 12991 12992 13009 13014 13021 13022 13023 13024 13025 13028 13034 13044 13045 13046 13062 13063 13064 13065 13071 13073 13074 13078 13079 13082 13093 13099 13116 13122 13123 13124 13129 13130 13131 13138 13139 13140 13144 13145 13149 13167 13180 13181 13182 13183 13189 13190 13191 13192 13196 13197 13202 13213 13214 13228 13244 13245 13248 13249 13250 13251 13252 13253 13259 13260 13266 13267 13268 13269 13270 13276 13277 13284 13297 13301 13302 13309 13310 13311 13318 13324 13325 13329 13330 13339 13344 13352 13364 13365 13366 13367 13372 13373 13379 13388 13393 13394 13405 13407 13408 13422 13431 13436 13437 13444 13445 13446 13454 13455 13461 13473 13474 13492 13497 13498 13499 13500 13507 13510 13519 13520 13530 13531 13554 13555 13573 13574 13581 13582 13587 13596 13605 13610 13615 13616 13630 13631 13638 13649 13658 13659 13664 13675 13683 13684 13685 13699 13719 13731 13744 13749 13755 13756 13790 13807 13808 13818 13826 13829 13843 13844 13845 13857 13866 13871 13876 13877 13885 13886 13895 13896 13903 13908 13915 13940 13947 13948 13958 13964 13968 13969 13977 13986 13987 14029 14030 14031 14038 14051 14058 14059 14108 14114 14129 14136 14140 14148 14179 14192 14197 14203 14219 14237 14244 14245 14252 14257 14263 14264 14265 14309 14320 14327 14349 14350 14402 14425 14429 14430 14448 14556 14648 
	}
	weather={
	}
}
