
strategic_region={
	id=27
	name="STRATEGICREGION_27"
	provinces={
		9 34 113 117 138 156 219 308 428 448 577 579 642 705 737 741 772 794 815 830 832 841 887 909 913 944 949 954 960 1017 1069 1117 1149 1153 1173 1216 1233 1257 1321 1339 1353 1374 1376 1416 1428 1432 1435 1520 1616 1617 1638 1640 1687 1722 1809 1815 1816 1819 1845 1862 1898 1919 1939 1984 2001 2013 2085 2087 2109 2130 2148 2174 2219 2301 2451 2458 2470 2602 2626 2640 2663 2669 2686 2699 2782 2805 2807 2838 2889 2985 3038 3074 3082 3138 3146 3154 3171 3185 3206 3212 3267 3327 3344 3358 3444 3457 3467 3481 3484 3492 3515 3591 3615 3649 3738 3739 3757 3859 3874 3877 3880 3885 3903 3951 3962 4017 4019 4069 4091 4130 4217 4288 4305 4321 4362 4390 4409 4410 4454 4504 4526 4552 4646 4667 4740 4784 4787 4789 4813 4869 4902 4912 5038 5090 5108 5176 5196 5237 5286 5298 5311 5341 5436 5441 5459 5473 5488 5495 5600 5656 5660 5661 5671 5684 5713 5716 5721 5754 5837 5958 5972 5983 5996 6100 6108 6122 6133 6178 6192 6230 6266 6273 6285 6388 6430 6478 6509 6522 6528 6674 6686 6713 6734 6772 6784 6834 6848 6884 6892 6904 6910 6939 6969 6976 7064 7067 7163 7195 7210 7220 7236 7238 7243 7302 7322 7336 7348 7518 7595 7596 7692 7716 7744 7749 7769 7861 7912 7916 7968 7969 7971 7986 7997 8025 8038 8040 8054 8083 8101 8119 8157 8163 8172 8175 8179 8209 8240 8241 8250 8268 8290 8303 8334 8357 8389 8404 8451 8507 8519 8536 8545 8576 8583 8601 8607 8671 8707 8716 8717 8723 8727 8738 8831 8914 8950 8983 8995 9004 9006 9021 9041 9057 9078 9084 9091 9138 9144 9152 9200 9244 9334 9337 9364 9412 9421 9435 9444 9510 9590 9665 9670 9671 9678 9695 9705 9744 9759 9798 9815 9821 9912 9944 9959 9965 10005 10029 10058 10059 10085 10153 10204 10214 10258 10268 10332 10336 10355 10371 10491 10517 10563 10597 10668 10675 10716 10721 10752 10761 10834 10850 10864 10938 10946 10947 10951 10952 10956 10957 10958 10960 10961 10962 10965 10966 10967 10968 10971 10972 10973 10976 10978 10980 10981 10986 10987 10988 10989 10990 10993 10994 10995 11000 11001 11005 11006 11008 11011 11012 11016 11017 11018 11021 11022 11028 11029 11030 11033 11038 11039 11040 11046 11047 11053 11057 11058 11059 11060 11063 11064 11068 11071 11072 11073 11078 11079 11084 11085 11093 11094 11095 11096 11097 11100 11101 11102 11108 11109 11112 11113 11121 11122 11123 11131 11132 11133 11134 11135 11138 11141 11142 11143 11144 11149 11150 11159 11160 11161 11175 11178 11179 11180 11181 11185 11186 11187 11194 11195 11196 11200 11204 11205 11206 11207 11215 11216 11217 11218 11220 11221 11227 11228 11229 11235 11236 11237 11238 11243 11244 11250 11251 11257 11258 11259 11260 11261 11265 11266 11276 11277 11278 11279 11287 11288 11290 11291 11292 11302 11309 11310 11311 11318 11319 11320 11326 11327 11328 11336 11337 11341 11342 11348 11357 11358 11359 11364 11365 11375 11376 11377 11386 11387 11388 11394 11395 11396 11400 11401 11409 11410 11411 11415 11416 11417 11418 11425 11426 11427 11428 11429 11430 11437 11438 11439 11446 11447 11448 11449 11454 11455 11456 11467 11468 11469 11475 11479 11480 11490 11491 11498 11499 11500 11506 11507 11508 11521 11522 11523 11524 11525 11530 11531 11539 11544 11545 11556 11557 11563 11564 11569 11570 11571 11587 11588 11589 11590 11591 11604 11605 11606 11607 11608 11615 11616 11625 11632 11633 11638 11639 11647 11653 11654 11655 11662 11663 11676 11677 11686 11687 11688 11689 11699 11700 11712 11713 11721 11722 11730 11731 11732 11738 11739 11747 11748 11749 11763 11764 11773 11774 11775 11778 11779 11780 11787 11788 11789 11790 11797 11798 11807 11815 11816 11817 11826 11827 11841 11842 11850 11862 11863 11864 11875 11876 11883 11884 11885 11891 11892 11901 11902 11914 11915 11923 11924 11935 11936 11937 11949 11950 11958 11959 11960 11961 11970 11971 11979 11990 12000 12001 12013 12014 12015 12031 12042 12043 12044 12045 12059 12064 12065 12066 12067 12081 12090 12091 12101 12102 12110 12111 12130 12131 12140 12141 12153 12154 12155 12163 12176 12177 12178 12179 12180 12190 12202 12212 12217 12230 12231 12232 12233 12243 12254 12255 12256 12257 12263 12264 12274 12275 12287 12288 12299 12300 12301 12311 12312 12335 12336 12348 12349 12350 12351 12361 12362 12363 12364 12373 12374 12399 12410 12411 12412 12440 12470 12471 12482 12491 12501 12510 12536 12537 12538 12571 12581 12582 12602 12603 12611 12645 12655 12667 12687 12688 12716 12729 12730 12741 12766 12817 12826 12846 12930 12931 12960 12997 12998 13005 13015 13026 13125 13141 13184 13203 13239 13246 13271 13447 13456 13457 13501 
	}
	weather={
	}
}
