
strategic_region={
	id=30
	name="STRATEGICREGION_30"
	provinces={
		90 92 131 133 159 181 182 201 281 282 288 310 373 404 441 494 506 542 551 569 591 594 604 621 631 633 687 701 703 706 720 726 736 745 842 883 942 963 967 969 974 984 1003 1045 1098 1105 1110 1123 1159 1195 1202 1219 1221 1237 1253 1261 1336 1352 1354 1363 1433 1442 1451 1462 1487 1503 1510 1517 1522 1523 1608 1610 1643 1662 1670 1680 1715 1720 1723 1793 1799 1806 1812 1822 1844 1851 1893 1927 2089 2090 2096 2099 2110 2115 2158 2162 2172 2183 2193 2230 2242 2257 2291 2306 2350 2364 2388 2420 2464 2477 2514 2568 2594 2605 2619 2625 2632 2646 2662 2680 2695 2709 2725 2732 2751 2759 2762 2776 2826 2834 2927 2950 2966 2979 3008 3027 3032 3071 3073 3105 3112 3157 3158 3195 3224 3226 3233 3238 3245 3248 3283 3284 3291 3293 3313 3318 3343 3356 3392 3449 3485 3514 3533 3590 3614 3638 3644 3661 3702 3714 3751 3770 3773 3784 3806 3823 3848 3908 3917 3920 3921 3924 3952 3959 3994 4003 4012 4063 4065 4070 4088 4092 4111 4163 4167 4184 4215 4238 4266 4272 4303 4319 4336 4370 4384 4391 4434 4443 4456 4472 4529 4533 4537 4599 4625 4627 4635 4650 4655 4708 4743 4774 4795 4834 4839 4860 4861 4866 4894 4900 4911 4934 4937 4955 4979 5016 5077 5183 5218 5256 5295 5328 5377 5383 5412 5455 5460 5462 5499 5501 5503 5534 5575 5579 5615 5637 5642 5679 5699 5726 5735 5741 5816 5879 5899 5945 5985 5992 6064 6072 6090 6109 6128 6149 6156 6179 6199 6220 6221 6267 6270 6277 6302 6311 6359 6427 6431 6450 6456 6460 6514 6519 6527 6533 6538 6555 6564 6566 6588 6590 6596 6706 6719 6755 6756 6758 6797 6800 6851 6875 6878 6882 6953 6980 6987 6995 7019 7047 7066 7199 7214 7234 7248 7249 7288 7313 7338 7354 7373 7392 7433 7454 7470 7488 7521 7561 7578 7598 7603 7605 7611 7657 7664 7675 7720 7765 7813 7818 7820 7825 7843 7868 7877 7917 7966 8037 8058 8087 8114 8186 8197 8207 8210 8226 8233 8236 8246 8266 8274 8291 8304 8346 8358 8378 8383 8403 8411 8414 8440 8472 8484 8543 8551 8581 8672 8681 8690 8697 8704 8778 8786 8793 8813 8814 8816 8826 8843 8863 8874 8883 8890 8932 8972 8979 9047 9059 9062 9070 9071 9081 9082 9096 9163 9178 9189 9227 9250 9272 9288 9289 9360 9371 9390 9413 9441 9448 9508 9514 9554 9597 9598 9600 9612 9623 9636 9643 9644 9680 9687 9693 9750 9772 9797 9814 9842 9868 9880 9910 9945 9950 9954 9955 9972 10003 10026 10097 10105 10116 10126 10150 10164 10172 10191 10238 10256 10269 10274 10280 10292 10321 10367 10394 10414 10511 10568 10609 10681 10684 10734 10744 10751 10780 10801 10835 10858 16499 16509 16597 16624 16639 16647 16675 16676 16677 16693 16701 16742 16777 16865 16882 16889 16917 16943 16961 16969 17007 17023 17045 17068 17104 17109 17110 17122 17182 17183 17205 17249 17262 17273 17295 17310 17333 17369 17412 17442 17448 17460 17470 17476 17479 17504 17509 17538 17545 17550 17551 17552 17564 17576 17577 17583 17592 17617 17618 17624 17625 17626 17627 17632 17634 17635 17640 17657 17658 17663 17664 17665 17672 17673 17685 17693 17694 17695 17699 17700 17701 17702 17703 17704 17709 17723 17724 17725 17729 17730 17731 17732 17750 17751 17762 17763 17764 17765 17766 17767 17772 17773 17774 17778 17782 17794 17795 17806 17807 17808 17809 17817 17821 17822 17830 17831 17832 17833 17834 17835 17836 17843 17844 17845 17846 17847 17854 17855 17859 17860 17867 17868 17881 17882 17883 17885 17888 17889 17890 17896 17897 17898 17902 17907 17908 17909 17917 17918 17919 17925 17926 17927 17932 17933 17934 17937 17938 17945 17946 17947 17948 17955 17956 17957 17963 17964 17965 17966 17967 17968 17979 17980 17983 17984 17985 17986 17993 17994 17995 17996 17997 17998 18002 18003 18004 18005 18006 18007 18008 18009 18010 18015 18021 18024 18025 18026 18027 18031 18032 18033 18034 18035 18042 18043 18044 18045 18046 18053 18054 18055 18060 18061 18068 18069 18070 18071 18072 18073 18074 18075 18079 18080 18088 18092 18093 18094 18095 18103 18104 18111 18112 18120 18121 18122 18123 18124 18125 18135 18137 18138 18144 18145 18146 18147 18148 18149 18154 18155 18156 18162 18163 18164 18165 18166 18175 18184 18185 18186 18187 18194 18197 18198 18199 18200 18201 18206 18211 18212 18216 18217 18218 18224 18225 18226 18227 18228 18229 18230 18231 18241 18242 18243 18244 18245 18246 18253 18254 18262 18269 18270 18272 18273 18274 18280 18281 18286 18287 18288 18293 18296 18297 18298 18299 18303 18304 18305 18309 18310 18311 18316 18322 18323 18328 18329 18338 18339 18347 18348 18349 18353 18354 18358 18359 18360 18361 18362 18363 18368 18369 18370 18371 18377 18378 18384 18385 18390 18391 18397 18398 18399 18400 18403 18404 18405 18408 18415 18416 18423 18424 18425 18429 18430 18431 18436 18437 18438 18439 18443 18444 18445 18449 18450 18455 18456 18460 18461 18469 18477 18478 18479 18484 18485 18489 18490 18491 18495 18496 18497 18507 18508 18515 18516 18517 18528 18529 18532 18541 18542 18547 18548 18549 18550 18551 18556 18557 18562 18570 18571 18576 18580 18581 18587 18588 18598 18599 18607 18608 18609 18610 18611 18614 18615 18616 18624 18628 18629 18630 18638 18641 18648 18649 18650 18651 18654 18661 18662 18668 18675 18676 18680 18681 18682 18683 18684 18685 18688 18697 18701 18707 18708 18716 18722 18723 18730 18735 18737 18741 18742 18748 18756 18761 18766 18767 18773 18774 18775 18776 18777 18784 18791 18792 18801 18802 18810 18820 18821 18822 18829 18830 18836 18837 18838 18839 18840 18844 18845 18846 18855 18860 18869 18870 18871 18872 18879 18885 18888 18889 18890 18895 18896 18897 18898 18911 18912 18920 18921 18926 18930 18935 18944 18967 18968 18969 18970 18988 18994 18995 19004 19019 19044 19049 19054 19055 19056 19064 19078 19079 19105 19106 19107 19121 19132 19133 19139 19152 19164 19176 19181 19232 19241 19254 19310 19378 19432 
	}
	weather={
	}
}
