
strategic_region={
	id=31
	name="STRATEGICREGION_31"
	provinces={
		210 245 300 328 349 351 367 377 385 425 440 449 490 603 620 684 697 699 708 722 729 793 839 856 940 955 976 1178 1197 1209 1212 1292 1301 1345 1356 1394 1396 1434 1443 1480 1493 1518 1541 1575 1717 1721 1741 1751 1768 1770 1855 1951 1952 2030 2145 2157 2224 2247 2258 2365 2397 2403 2440 2522 2541 2593 2620 2627 2648 2697 2717 2772 2778 2843 2899 2948 3041 3087 3116 3137 3237 3250 3296 3311 3314 3331 3349 3351 3370 3419 3458 3526 3577 3583 3698 3771 3798 3825 3872 3995 3999 4007 4159 4160 4192 4193 4210 4225 4322 4323 4326 4357 4375 4408 4432 4458 4481 4487 4527 4573 4589 4684 4752 4761 4781 4806 4818 4899 4953 4978 5118 5126 5130 5148 5169 5179 5190 5232 5282 5314 5324 5350 5361 5380 5393 5409 5440 5491 5527 5584 5605 5657 5686 5700 5779 5797 5802 5815 5826 5830 5857 5894 5896 5900 5940 6006 6009 6026 6039 6043 6116 6129 6167 6207 6260 6298 6328 6336 6355 6433 6502 6512 6551 6652 6691 6842 6863 6881 6900 6922 7059 7147 7203 7217 7227 7232 7245 7370 7377 7387 7473 7487 7566 7588 7630 7665 7683 7693 7695 7775 7821 7867 8004 8076 8084 8092 8095 8140 8169 8176 8184 8316 8341 8342 8356 8401 8441 8520 8542 8610 8689 8730 8834 8864 8934 8978 9171 9183 9199 9202 9269 9283 9355 9419 9420 9424 9432 9445 9452 9459 9574 9659 9689 9725 9785 9823 9898 9900 9931 9996 10018 10025 10048 10055 10082 10140 10145 10147 10156 10181 10235 10295 10351 10417 10460 10484 10496 10521 10527 10636 10647 10700 10702 10759 10829 10849 10901 10910 14272 14288 14331 14335 14346 14376 14406 14410 14443 14504 14523 14559 14595 14616 14644 14676 14702 14741 14770 14907 14939 14950 14975 14995 15018 15070 15122 15137 15183 15197 15210 15211 15223 15231 15238 15266 15284 15285 15286 15294 15304 15305 15319 15340 15341 15347 15359 15363 15364 15388 15402 15430 15437 15444 15445 15446 15452 15478 15492 15493 15502 15515 15516 15550 15551 15563 15573 15577 15587 15588 15589 15596 15608 15628 15629 15647 15648 15649 15657 15658 15691 15692 15693 15700 15707 15716 15741 15750 15758 15774 15775 15776 15785 15792 15802 15816 15822 15823 15848 15849 15880 15885 15908 15917 15918 15925 15934 15945 15946 15966 15972 15973 15991 15992 15998 16008 16009 16015 16016 16037 16038 16046 16051 16059 16066 16067 16082 16083 16094 16095 16096 16104 16109 16127 16131 16144 16154 16163 16184 16185 16193 16194 16200 16201 16202 16209 16236 16237 16246 16247 16263 16267 16278 16282 16300 16301 16312 16313 16320 16327 16328 16329 16341 16347 16353 16354 16355 16360 16368 16369 16384 16408 16409 16410 16416 16417 16425 16440 16461 16462 16475 16483 16484 16485 16493 16503 16524 16540 16551 16552 16563 16564 16565 16584 16585 16589 16611 16612 16613 16627 16628 16635 16651 16652 16657 16663 16664 16697 16706 16715 16724 16725 16747 16756 16769 16798 16821 16835 16844 16852 16853 16860 16861 16866 16884 16894 16895 16913 16921 16922 16923 16927 16946 16948 16956 16964 16985 17000 17001 17011 17012 17020 17041 17046 17072 17073 17084 17092 17099 17106 17133 17145 17152 17157 17158 17161 17176 17216 17222 17223 17238 17239 17243 17244 17270 17286 17291 17303 17312 17320 17321 17329 17341 17351 17352 17353 17354 17361 17365 17372 17373 17394 17411 17417 17443 17444 17451 17468 17510 17511 17527 17540 17547 17556 17567 17579 17585 17604 17605 17641 17642 17676 17718 17734 17788 17789 17796 17856 17857 17869 17870 17921 17935 17939 18016 18047 18089 18167 18176 18177 18255 18256 18257 18263 18317 18324 18401 18426 18619 18633 18731 18749 18757 18793 18799 18823 18850 18866 18880 18901 18906 18922 18936 18937 18951 18974 18998 19015 
	}
	weather={
	}
}
