
strategic_region={
	id=33
	name="STRATEGICREGION_33"
	provinces={
		45 47 49 52 71 189 190 252 312 366 411 438 460 498 511 540 622 635 653 673 803 923 1145 1181 1223 1227 1241 1310 1421 1424 1441 1446 1457 1467 1473 1555 1565 1571 1590 1621 1641 1706 1728 1736 1758 1794 1797 1811 1833 1861 1890 1940 2020 2035 2064 2093 2098 2225 2227 2276 2378 2421 2426 2481 2520 2588 2616 2621 2656 2670 2735 2766 2794 2832 2861 2876 2892 2946 3109 3124 3188 3241 3242 3290 3320 3323 3512 3532 3545 3556 3624 3628 3682 3758 3768 3803 3821 3867 3876 3918 3947 3967 4024 4046 4145 4179 4181 4206 4230 4334 4427 4450 4540 4556 4574 4688 4749 4763 4776 4838 4859 4916 4946 4958 4981 5114 5115 5144 5154 5200 5284 5303 5310 5319 5357 5438 5466 5476 5508 5513 5551 5577 5624 5630 5648 5724 5783 5786 5801 5818 5824 5831 5839 5849 5856 5936 6038 6042 6092 6126 6130 6169 6181 6188 6253 6284 6288 6292 6347 6357 6383 6386 6393 6405 6452 6540 6559 6573 6579 6672 6699 6773 6775 6803 6850 6883 6911 6933 6936 6940 6949 7094 7108 7109 7146 7307 7363 7369 7431 7464 7523 7637 7640 7672 7680 7708 7747 7777 7829 7863 7882 7962 8007 8132 8187 8196 8208 8282 8374 8391 8392 8434 8454 8474 8513 8532 8550 8620 8685 8693 8695 8699 8736 8749 8750 8811 8819 8837 8887 9085 9123 9147 9192 9209 9214 9223 9245 9280 9301 9317 9329 9368 9377 9414 9461 9473 9515 9541 9545 9569 9585 9588 9603 9632 9634 9666 9669 9686 9692 9720 9730 9735 9761 9794 9807 9843 9884 9925 9939 10093 10104 10131 10135 10146 10155 10159 10169 10170 10210 10263 10311 10341 10374 10405 10424 10430 10440 10603 10618 10625 10660 10669 10685 10687 10697 10717 10736 10778 10807 10854 17920 17928 17987 18056 18062 18126 18127 18150 18202 18219 18232 18282 18289 18340 18341 18342 18372 18409 18432 18440 18446 18486 18498 18503 18504 18523 18530 18533 18552 18563 18564 18572 18582 18589 18594 18600 18601 18602 18603 18617 18618 18625 18631 18632 18652 18663 18664 18669 18677 18686 18689 18695 18698 18709 18710 18738 18743 18744 18768 18769 18778 18798 18803 18804 18811 18813 18831 18832 18841 18847 18848 18849 18856 18857 18873 18891 18892 18899 18900 18905 18931 18949 18950 18958 18959 18971 18972 18996 18997 19005 19010 19011 19012 19014 19038 19045 19046 19075 19080 19095 19096 19097 19102 19108 19109 19115 19153 19158 19170 19171 19182 19183 19191 19195 19199 19200 19202 19209 19210 19214 19223 19224 19249 19255 19273 19277 19278 19304 19311 19317 19318 19321 19341 19358 19359 19365 19372 19379 19401 19402 19406 19414 19415 19421 19422 19423 19439 19460 19465 19466 19467 19470 19471 19490 19491 19492 19498 19501 19505 19513 19522 19523 19540 19541 19552 19562 19564 19567 19582 19589 19594 19595 19602 19603 19604 19608 19609 19613 19614 19637 19647 19648 19649 19650 19654 19655 19656 19664 19665 19670 19671 19677 19683 19692 19695 19704 19711 19716 19726 19733 19738 19739 19741 19751 19754 19761 19762 19763 19764 19765 19774 19787 19792 19793 19794 19795 19801 19802 19803 19807 19811 19816 19817 19829 19840 19849 19850 19851 19852 19853 19860 19868 19872 19873 19883 19887 19898 19906 19912 19921 19922 19923 19934 19941 19964 19969 19975 19982 19990 19991 19994 19995 20002 20020 20031 20032 20048 20061 20066 20081 20093 20094 20095 20096 20106 20110 20124 20125 20134 20135 20162 20172 20178 20195 20196 20214 20222 20225 20239 20240 20278 20303 20304 20311 20332 20344 20345 20368 20386 20391 20396 20401 20403 20424 20438 20443 20444 20457 20458 20464 20500 20505 20506 20521 20530 20547 20560 20576 20601 20604 20615 20641 20649 20682 20694 20700 20710 20737 20746 20750 20760 20761 20807 20811 20816 20821 20867 20871 20877 20884 20909 20910 20939 20956 20972 20973 21110 21128 
	}
	weather={
	}
}
