
strategic_region={
	id=34
	name="STRATEGICREGION_34"
	provinces={
		15 31 51 58 162 221 224 294 296 344 360 375 383 468 514 524 529 530 554 560 600 691 719 721 728 752 872 884 889 917 920 988 1058 1112 1124 1150 1180 1280 1303 1450 1507 1539 1551 1585 1648 1685 1693 1704 1730 1732 1749 1828 1838 1850 1896 1907 1979 2028 2088 2112 2142 2161 2189 2254 2305 2314 2381 2423 2425 2436 2460 2519 2523 2545 2577 2615 2652 2708 2736 2797 2947 3015 3020 3039 3080 3099 3110 3111 3122 3156 3183 3190 3197 3359 3387 3405 3448 3493 3497 3575 3606 3667 3746 3753 3802 3827 3843 3846 3939 3946 3957 3976 3991 4060 4064 4100 4143 4165 4222 4236 4264 4393 4404 4436 4457 4460 4465 4485 4521 4588 4593 4639 4645 4653 4668 4738 4762 4888 4907 4936 4970 4977 4992 4998 5011 5020 5039 5206 5217 5245 5291 5297 5343 5352 5363 5397 5424 5435 5464 5479 5511 5529 5611 5631 5633 5653 5687 5695 5698 5725 5745 5751 5808 5829 5845 5846 5977 6022 6055 6081 6112 6118 6144 6171 6182 6233 6256 6309 6360 6366 6441 6462 6500 6536 6546 6558 6621 6645 6659 6701 6746 6761 6798 6819 6867 6887 6919 6961 6977 6991 7010 7030 7037 7042 7090 7096 7126 7129 7143 7152 7207 7263 7347 7382 7395 7402 7461 7468 7469 7480 7564 7583 7670 7702 7714 7827 7828 7841 7845 7879 7894 7914 7967 8031 8121 8165 8177 8198 8223 8386 8396 8420 8427 8452 8464 8534 8584 8594 8598 8621 8627 8650 8662 8674 8676 8737 8845 8875 8889 8955 9108 9113 9124 9128 9196 9215 9230 9248 9256 9257 9300 9373 9374 9386 9446 9485 9534 9544 9559 9624 9640 9781 9791 9829 9841 9850 9857 9871 9907 9949 10013 10027 10032 10081 10096 10114 10129 10188 10219 10307 10346 10379 10381 10399 10445 10500 10507 10526 10549 10600 10605 10664 10691 10703 10710 10724 10782 10825 10828 10832 19033 19081 19090 19116 19134 19135 19147 19154 19165 19172 19185 19192 19201 19215 19219 19233 19234 19239 19250 19261 19262 19266 19288 19289 19294 19319 19320 19324 19333 19345 19346 19352 19360 19366 19367 19373 19380 19386 19393 19396 19407 19408 19416 19424 19433 19440 19445 19450 19453 19479 19493 19494 19509 19520 19524 19528 19529 19530 19531 19542 19553 19558 19568 19569 19578 19579 19583 19590 19605 19615 19618 19626 19638 19651 19657 19672 19673 19678 19684 19705 19706 19712 19717 19727 19728 19734 19735 19736 19742 19755 19757 19781 19796 19804 19818 19819 19830 19834 19835 19836 19854 19878 19888 19889 19890 19891 19918 19935 19936 19945 19949 19950 19976 19987 20003 20004 20005 20012 20013 20021 20040 20041 20042 20043 20055 20056 20067 20074 20075 20082 20083 20086 20087 20097 20111 20112 20119 20126 20136 20137 20138 20139 20140 20146 20157 20158 20163 20179 20180 20190 20201 20202 20208 20209 20210 20215 20216 20217 20218 20223 20226 20230 20231 20234 20241 20252 20253 20257 20258 20264 20265 20266 20267 20268 20269 20272 20279 20285 20289 20296 20298 20299 20305 20318 20333 20338 20339 20340 20346 20350 20355 20376 20383 20387 20388 20389 20392 20402 20404 20410 20419 20428 20429 20430 20439 20440 20445 20459 20460 20478 20481 20482 20483 20494 20501 20507 20513 20522 20531 20532 20536 20541 20548 20549 20552 20553 20561 20562 20569 20570 20577 20581 20586 20589 20590 20602 20605 20606 20623 20630 20631 20634 20635 20642 20650 20651 20652 20662 20670 20690 20691 20695 20696 20701 20702 20717 20721 20722 20725 20738 20747 20751 20752 20753 20762 20763 20769 20770 20771 20776 20787 20788 20799 20800 20812 20817 20818 20830 20831 20832 20845 20846 20858 20872 20878 20879 20885 20892 20899 20905 20911 20914 20921 20932 20933 20940 20941 20942 20946 20949 20950 20957 20958 20959 20960 20974 20975 21009 21010 21025 21029 21034 21035 21036 21043 21047 21052 21053 21064 21065 21075 21081 21088 21097 21101 21102 21111 21120 21129 21135 21136 21139 21140 21156 21157 21169 21186 21187 21192 21202 21203 21213 21220 21234 21244 21252 21262 21270 21271 21281 21282 21297 21309 21328 21334 21335 21336 21344 21348 21361 21367 21375 21383 21389 21390 21394 21395 21404 21414 21437 21445 21452 21457 21463 21471 21492 21493 21494 21502 21514 21515 21516 21517 21522 21529 21566 21567 21575 21576 21583 21584 21594 21601 21619 21625 21626 21638 21639 21646 21657 21664 21665 21677 21686 21687 21703 21711 21712 21723 21731 21742 21753 21771 21792 21800 21801 21821 21834 21859 21867 21868 21877 21890 21912 21943 21947 21954 21959 21960 21968 21972 22005 22010 22016 22017 22037 22062 22075 22099 22107 22130 22142 
	}
	weather={
	}
}
