
strategic_region={
	id=36
	name="STRATEGICREGION_36"
	provinces={
		23405 23417 23426 23499 23753 23778 23833 23947 24017 24393 24394 24549 24743 24923 24953 25086 25252 25424 25467 25638 25856 25883 25962 26139 26180 26397 26571 26901 26912 27006 27024 27159 27393 27888 27897 27929 27992 28015 28180 28263 28475 28479 28496 28614 28637 28660 28949 29314 29717 29765 29825 29877 30757 30773 30790 30803 30818 30836 30841 30842 30846 30858 30879 30891 30916 30955 30968 30990 30992 31012 31020 23374 23594 23697 24068 24286 24316 24424 24724 24869 24892 25400 25430 25647 26049 26193 26294 26306 26589 26735 26857 27026 27065 27095 27192 27207 27620 27958 28210 28334 28356 28670 28674 29020 29108 29319 29560 29733 29780 29786 29812 30840 30847 30852 30863 30872 30897 30898 30907 30908 30927 30942 30960 30975 30984 31021 31023 31035 31051 
	}
	weather={
	}
}
