
strategic_region={
	id=38
	name="STRATEGICREGION_38"
	provinces={
		23167 23333 23450 23714 23871 23881 23909 24178 24344 24361 24400 24475 24719 24733 24781 24928 25005 25311 25375 25541 25924 25933 26010 26137 26393 27087 27101 27125 27189 27354 27582 27629 27639 27737 27919 28045 28103 28118 28203 28455 28546 28599 29179 29375 29390 29818 30905 30909 30924 30925 30957 30967 30969 30978 30981 30983 30987 31001 31017 31042 31053 31068 31083 
	}
	naval_terrain=water_shallow_sea
	weather={
	}
}
