
strategic_region={
	id=4
	name="STRATEGICREGION_4"
	provinces={
		80 157 193 196 246 258 307 321 325 429 445 452 464 477 484 597 609 638 639 651 676 797 817 859 862 901 937 1002 1023 1218 1243 1326 1337 1393 1395 1414 1426 1472 1528 1531 1612 1652 1667 1748 1780 1783 1800 1810 1821 1824 1848 1954 2008 2040 2047 2048 2101 2139 2141 2201 2234 2239 2249 2321 2348 2417 2492 2499 2633 2756 2793 2847 2865 2891 2895 2913 2932 2963 2977 3007 3013 3019 3037 3091 3118 3127 3129 3155 3209 3230 3240 3252 3260 3263 3339 3353 3369 3375 3408 3429 3542 3613 3627 3645 3696 3752 3778 3805 3818 3831 3898 3909 3985 3997 4000 4004 4008 4026 4048 4116 4117 4183 4204 4231 4281 4325 4333 4337 4364 4412 4523 4536 4538 4539 4586 4590 4592 4601 4617 4652 4753 4759 4765 4826 4939 4941 5042 5044 5060 5086 5121 5136 5191 5273 5294 5308 5335 5338 5344 5348 5402 5407 5419 5443 5447 5592 5597 5612 5618 5673 5689 5702 5731 5770 5777 5881 5919 5959 5988 6107 6113 6114 6146 6151 6157 6187 6204 6208 6214 6272 6294 6304 6334 6346 6356 6362 6370 6382 6417 6453 6537 6552 6554 6580 6584 6601 6606 6629 6697 6710 6725 6764 6776 6895 6920 6952 6954 6964 6997 7003 7008 7044 7086 7101 7169 7189 7201 7206 7240 7270 7349 7367 7419 7442 7465 7476 7512 7531 7581 7652 7706 7710 7723 7800 7815 7824 7869 7918 7919 7924 7970 8050 8060 8112 8168 8225 8261 8273 8287 8352 8485 8489 8498 8561 8599 8600 8698 8709 8746 8754 8794 8820 8901 8918 9066 9125 9126 9153 9155 9168 9224 9287 9303 9323 9340 9353 9391 9392 9456 9502 9533 9548 9621 9646 9715 9722 9738 9745 9755 9788 9801 9834 9837 9855 9963 10038 10079 10089 10112 10163 10213 10260 10264 10385 10402 10426 10456 10462 10543 10570 10575 10590 10637 10741 10748 10794 10797 10816 10860 14782 14874 14879 14897 14910 14935 14946 14953 14970 14978 14979 15003 15029 15035 15042 15047 15064 15086 15104 15141 15148 15149 15163 15174 15175 15187 15216 15217 15232 15233 15240 15250 15255 15283 15288 15296 15301 15342 15343 15344 15354 15355 15356 15384 15389 15390 15406 15407 15419 15420 15421 15441 15462 15483 15486 15494 15495 15504 15508 15534 15545 15555 15568 15579 15590 15601 15620 15621 15652 15662 15671 15678 15703 15710 15730 15731 15735 15742 15769 15788 15799 15819 15830 15831 15857 15869 15877 15882 15883 15893 15894 15902 15913 15937 15938 15951 15952 15958 15976 15977 15987 16000 16001 16018 16022 16023 16028 16034 16040 16056 16061 16062 16086 16105 16106 16112 16113 16129 16133 16134 16135 16136 16181 16186 16187 16188 16197 16217 16240 16251 16252 16272 16273 16274 16284 16295 16322 16323 16333 16363 16364 16371 16372 16389 16390 16391 16411 16421 16442 16449 16457 16468 16504 16505 16506 16513 16518 16526 16527 16528 16537 16575 16576 16577 16578 16587 16592 16605 16606 16618 16631 16637 16659 16667 16668 16687 16698 16710 16711 16719 16730 16731 16738 16739 16761 16762 16772 16782 16793 16794 16813 16814 16836 16837 16845 16846 16847 16870 16876 16887 16924 16966 16987 17003 17014 17031 17049 17075 17076 17082 17086 17136 17137 17149 17178 17201 17202 17210 17211 17257 17258 17259 17288 17292 17306 17314 17330 17331 17338 17356 17357 17358 17367 17376 17389 17390 17399 17409 17424 17425 17432 17446 17455 17456 17464 17474 17492 17493 17500 17501 17523 17529 17530 17536 17571 17590 17608 17614 17623 17643 17654 17707 17713 17714 17746 17785 17801 17842 17851 17858 17872 17873 17878 17923 17941 17942 17951 17952 17961 18011 18019 18022 18064 18091 18117 18140 18172 18181 18209 18210 18220 18237 18238 18319 18380 18388 18402 18442 18481 18513 18520 18560 18574 18578 18622 18623 18660 18750 18815 18816 18913 18914 18945 18946 18962 18976 18977 18981 18983 19013 19025 19028 19040 19059 19065 19066 19072 19076 19084 19092 19093 19110 19111 19117 19123 19149 19159 19160 19167 19173 19177 19203 19206 19216 19226 19243 19257 19281 19290 19297 19329 19336 19368 19383 19411 19434 19435 19441 19457 19481 19482 19502 19516 19532 19545 19555 19585 19616 19640 19679 19697 19713 19759 19789 19826 19841 19880 19900 19914 19965 20007 20115 
	}
	weather={
	}
}
