
strategic_region={
	id=40
	name="STRATEGICREGION_40"
	provinces={
		23155 23156 23409 23420 23424 23539 23545 23580 23713 23774 23828 23888 24033 24037 24076 24308 24324 24376 24491 24704 24777 24831 24942 24988 25006 25027 25156 25201 25220 25266 25294 25305 25337 25560 25607 25610 25637 25656 25781 25816 25845 25909 26029 26152 26218 26298 26336 26344 26427 26428 26433 26450 26669 26687 26721 26795 26846 26859 26862 26883 26902 26925 26936 26991 27163 27221 27246 27332 27370 27436 27441 27501 27504 27591 27633 27652 27656 27723 27734 27904 27909 27934 27972 27974 28060 28071 28164 28317 28341 28351 28367 28422 28488 28520 28559 28612 28668 28715 28801 28845 28868 28925 29010 29286 29324 29325 29513 29561 29687 29696 29698 29843 29845 29851 29853 30236 30237 30244 30251 30260 30274 30299 30318 30320 30326 30337 30351 30383 30387 30398 30401 30404 30406 30408 30412 30415 30425 30432 30439 30443 30448 30451 30452 30456 30461 30467 30470 30481 30482 30490 30496 30504 
	}
	weather={
	}
}
