
strategic_region={
	id=41
	name="STRATEGICREGION_41"
	provinces={
		23229 23346 23433 23526 23543 23547 23566 23579 23604 23680 23720 23724 23815 24011 24028 24038 24080 24099 24157 24216 24277 24364 24593 24599 24608 24665 24791 24796 24828 24922 24992 25014 25072 25186 25230 25278 25408 25414 25471 25724 25791 25810 25813 25894 25969 26052 26116 26119 26246 26248 26277 26302 26529 26600 26605 26646 26724 27045 27082 27313 27342 27364 27394 27451 27456 27514 27577 27730 27751 27759 27768 27808 27836 27851 27899 27936 28099 28194 28273 28288 28304 28330 28390 28556 28562 28592 28626 28666 28733 28912 29001 29055 29210 29226 29363 29472 29586 29691 29718 29755 29816 29887 30494 30505 30510 30526 30535 30541 30561 30565 30569 30570 30616 30629 30640 30642 30646 30657 30661 30668 30675 30681 30701 30712 
	}
	weather={
	}
}
