
strategic_region={
	id=42
	name="STRATEGICREGION_42"
	provinces={
		23407 23550 23808 23907 23964 24090 24237 24276 24370 24423 24691 24758 24800 25036 25094 25111 25234 25303 25385 25410 25459 25460 25473 25590 25608 25612 25770 25780 25890 25939 26058 26146 26399 26454 26466 26635 26673 26729 26878 27014 27445 27517 27536 27675 27910 27935 27985 28120 28133 28145 28173 28269 28302 28366 28542 28672 28762 28918 28942 28961 29004 29032 29085 29107 29258 29389 29475 29563 29621 29772 29785 29801 30214 30232 30233 30256 30259 30266 30275 30282 30291 30304 30306 30324 30347 30377 30381 30385 30400 30420 30423 30424 30428 30434 30466 30473 30476 30486 30500 
	}
	naval_terrain=water_fjords
	weather={
	}
}
