
strategic_region={
	id=43
	name="STRATEGICREGION_43"
	provinces={
		23175 23261 23416 23436 23825 23837 23981 24136 24151 24215 24223 24240 24296 24302 24453 24461 24622 25066 25084 25143 25229 25237 25315 25323 25439 25522 25654 25655 25936 25957 25973 26171 26391 26836 26853 26874 26909 26964 27023 27121 27158 27181 27198 27238 27266 27270 27300 27496 27545 27603 27616 27623 27632 27756 27765 27785 27812 28011 28023 28105 28419 28433 28453 28469 28495 28543 28708 28738 28743 28793 28825 28827 28835 28867 28970 29029 29036 29114 29120 29173 29374 29435 29438 29643 29763 29859 30525 30531 30546 30550 30556 30559 30572 30573 30592 30593 30598 30613 30622 30632 30670 30671 30680 30688 30698 30699 30711 30717 30720 30729 30735 30737 30740 30753 30758 30768 30776 30778 30779 30800 30809 30826 30827 30828 30854 30880 
	}
	naval_terrain=water_fjords
	weather={
	}
}
