
strategic_region={
	id=44
	name="STRATEGICREGION_44"
	provinces={
		23140 23150 23153 23166 23173 23191 23194 23196 23202 23232 23244 23245 23271 23275 23279 23287 23288 23318 23321 23366 23369 23419 23446 23461 23491 23493 23519 23523 23593 23595 23599 23609 23624 23650 23681 23683 23693 23699 23706 23761 23767 23782 23798 23811 23822 23831 23866 23878 23883 23889 23911 23917 23937 23938 23950 23972 23987 24025 24030 24041 24043 24044 24065 24069 24074 24083 24084 24103 24135 24138 24147 24165 24171 24173 24175 24259 24261 24267 24312 24325 24330 24342 24343 24348 24366 24385 24391 24421 24458 24460 24464 24468 24495 24516 24562 24563 24572 24587 24591 24594 24600 24605 24645 24662 24667 24671 24676 24685 24725 24731 24780 24784 24788 24810 24815 24816 24818 24825 24863 24924 24934 24943 24972 24977 24983 25004 25029 25044 25057 25100 25109 25118 25124 25125 25126 25165 25166 25167 25170 25171 25196 25221 25283 25286 25287 25319 25329 25335 25362 25380 25383 25393 25399 25403 25419 25421 25475 25478 25483 25490 25556 25565 25569 25577 25598 25619 25636 25648 25674 25677 25707 25731 25736 25740 25760 25772 25784 25787 25792 25807 25826 25830 25838 25843 25863 25888 25889 25891 25906 25931 25974 25991 26003 26030 26059 26064 26073 26074 26098 26102 26128 26133 26134 26143 26169 26172 26175 26189 26205 26234 26242 26260 26267 26295 26341 26420 26441 26463 26518 26540 26545 26574 26585 26604 26616 26664 26666 26699 26711 26762 26770 26787 26813 26817 26818 26823 26837 26840 26856 26867 26877 26882 26923 26930 26944 26967 26985 27007 27039 27061 27063 27083 27110 27111 27122 27141 27162 27172 27174 27218 27229 27260 27268 27281 27295 27337 27346 27403 27426 27438 27474 27478 27491 27493 27511 27541 27544 27548 27552 27581 27600 27637 27641 27694 27701 27749 27761 27809 27845 27856 27939 27954 27963 27979 28002 28007 28028 28033 28043 28050 28067 28068 28089 28095 28113 28125 28129 28156 28169 28186 28193 28204 28209 28211 28225 28227 28232 28233 28239 28242 28244 28298 28313 28339 28360 28371 28387 28413 28449 28466 28522 28536 28554 28565 28576 28596 28608 28616 28638 28720 28724 28735 28792 28819 28833 28858 28859 28872 28895 28898 28950 28962 29000 29009 29052 29074 29080 29142 29154 29175 29180 29248 29255 29267 29274 29276 29283 29307 29354 29357 29394 29405 29408 29414 29448 29453 29455 29464 29478 29498 29514 29515 29525 29535 29550 29557 29600 29628 29631 29637 29666 29728 29757 29776 29781 29804 29805 29811 29848 29875 29879 29884 29895 29901 29902 29903 29904 29905 29906 29907 29908 29926 29927 29939 29944 29947 29951 29955 29957 29963 29970 29975 29976 29977 29978 29980 29985 29987 29996 29997 29998 30006 30021 30023 30024 30025 30026 30035 30039 30044 30045 30046 30047 30057 30061 30064 30072 30076 30081 30089 30090 30092 30096 30097 30099 30100 30104 30119 30127 30131 30135 30136 30141 30143 30148 30152 30154 30159 30161 30175 30176 30177 30178 30179 30184 30186 30199 30206 30218 30219 30223 30263 30316 
	}
	weather={
	}
}
