
strategic_region={
	id=45
	name="STRATEGICREGION_45"
	provinces={
		23146 23161 23228 23253 23272 23285 23313 23330 23348 23351 23367 23403 23411 23456 23473 23511 23515 23530 23542 23556 23568 23572 23573 23589 23600 23617 23666 23678 23718 23776 23797 23819 23823 23847 23856 23891 23900 23936 23942 23976 24000 24008 24016 24031 24052 24063 24111 24120 24128 24131 24141 24146 24154 24181 24201 24205 24209 24211 24233 24262 24265 24293 24315 24318 24335 24353 24359 24373 24407 24428 24435 24441 24484 24489 24502 24506 24508 24523 24567 24583 24590 24616 24693 24709 24720 24721 24722 24753 24776 24807 24820 24823 24854 24895 24897 24929 24963 25022 25042 25049 25062 25085 25089 25112 25114 25135 25150 25187 25199 25204 25209 25225 25282 25285 25299 25320 25325 25349 25355 25357 25367 25369 25372 25407 25422 25440 25444 25446 25476 25480 25503 25508 25525 25544 25579 25591 25651 25666 25680 25690 25720 25743 25759 25840 25851 25858 25915 25951 25953 25955 25967 25993 26004 26015 26021 26023 26041 26044 26048 26065 26078 26079 26083 26084 26127 26138 26158 26167 26215 26216 26217 26232 26245 26249 26251 26266 26269 26310 26318 26324 26347 26367 26374 26400 26403 26405 26435 26455 26462 26479 26488 26496 26506 26512 26524 26533 26554 26559 26579 26583 26603 26627 26628 26681 26682 26693 26703 26718 26733 26752 26774 26809 26815 26827 26833 26843 26855 26890 26893 26896 26903 26908 26920 26929 26932 26933 26966 27000 27019 27043 27054 27057 27060 27074 27080 27090 27108 27120 27171 27187 27206 27226 27248 27252 27254 27305 27322 27328 27340 27344 27348 27353 27365 27402 27412 27471 27483 27503 27508 27527 27588 27642 27667 27672 27673 27674 27683 27685 27692 27697 27707 27722 27741 27773 27779 27781 27783 27788 27827 27835 27847 27866 27869 27882 27884 27900 27912 27915 27955 28018 28031 28080 28085 28087 28097 28135 28140 28167 28176 28224 28229 28268 28292 28303 28306 28310 28321 28352 28370 28372 28375 28376 28382 28384 28432 28436 28452 28454 28456 28470 28476 28497 28512 28568 28575 28623 28625 28656 28692 28693 28722 28731 28737 28746 28752 28757 28770 28798 28802 28814 28821 28841 28847 28848 28899 28909 28922 28929 28939 28972 28989 28993 29007 29040 29050 29069 29084 29098 29110 29112 29119 29123 29130 29136 29216 29247 29256 29296 29302 29331 29353 29428 29433 29484 29492 29501 29511 29520 29528 29543 29554 29555 29591 29592 29596 29617 29625 29626 29627 29647 29654 29660 29689 29708 29723 29738 29750 29758 29759 29779 29796 29798 29833 29837 29878 29885 29909 29910 29911 29912 29913 29914 29915 29916 29917 29925 29929 29930 29931 29932 29933 29937 29940 29942 29943 29945 29946 29948 29950 29952 29953 29954 29956 29958 29959 29960 29962 29964 29965 29967 29968 29969 29971 29972 29981 29982 29983 29984 29986 29988 29991 29992 29993 29999 30000 30001 30002 30005 30007 30008 30009 30013 30015 30016 30020 30022 30027 30029 30030 30031 30032 30033 30036 30037 30038 30041 30042 30043 30049 30055 30056 30058 30059 30062 30065 30066 30067 30068 30069 30070 30071 30073 30074 30075 30078 30079 30080 30082 30083 30084 30085 30087 30088 30091 30094 30098 30101 30102 30105 30106 30109 30110 30111 30112 30113 30114 30115 30116 30117 30120 30122 30126 30128 30132 30133 30138 30142 30146 30151 30157 30160 30171 30172 30207 
	}
	weather={
	}
}
