
strategic_region={
	id=46
	name="STRATEGICREGION_46"
	provinces={
		23139 23141 23149 23151 23231 23243 23276 23280 23322 23340 23402 23458 23469 23513 23560 23615 23625 23654 23668 23702 23726 23738 23743 23794 24012 24056 24071 24156 24160 24170 24253 24257 24281 24321 24363 24397 24433 24480 24501 24541 24627 24634 24674 24680 24702 24768 24783 24822 24836 24855 24879 24902 24938 24964 24976 24993 25008 25021 25033 25040 25127 25192 25217 25268 25281 25302 25457 25468 25474 25485 25493 25497 25509 25603 25624 25664 25697 25715 25734 25832 25835 25941 25978 25997 26024 26154 26262 26289 26327 26329 26422 26444 26537 26544 26613 26648 26656 26694 26712 26760 26777 26783 26789 26820 26824 26851 26887 26981 27001 27003 27009 27012 27067 27091 27105 27167 27308 27320 27362 27377 27378 27380 27397 27442 27447 27469 27521 27589 27678 27720 27728 27755 27760 27820 27868 27873 27876 27885 27925 28001 28006 28076 28092 28143 28158 28248 28249 28262 28270 28289 28297 28335 28406 28421 28463 28500 28549 28573 28579 28585 28606 28613 28620 28630 28635 28644 28704 28754 28772 28791 28853 28879 28921 29105 29132 29134 29160 29162 29229 29232 29277 29346 29356 29367 29393 29427 29450 29485 29608 29619 29646 29695 29756 29793 29827 29889 29893 29918 29919 29920 29921 29922 29923 29924 29928 29934 29935 29936 29938 29941 29949 29961 29966 29973 29974 29979 29989 29990 29994 29995 30003 30004 30010 30011 30012 30014 30017 30018 30019 30028 30034 30040 30048 30050 30051 30053 30054 30060 30063 30093 30095 30107 30108 30129 30130 
	}
	weather={
	}
}
