
strategic_region={
	id=47
	name="STRATEGICREGION_47"
	provinces={
		23221 23270 23404 23468 23489 23505 23514 23540 23546 23549 23663 23962 23996 23998 24234 24386 24448 24487 24535 24696 24739 24868 24945 25048 25075 25147 25292 25452 25494 25516 25546 25613 25752 25768 25887 25912 25984 25985 25989 25994 26255 26413 26610 26678 26719 26868 26970 26982 27004 27066 27134 27152 27170 27184 27334 27410 27427 27430 27714 27764 27908 27932 27971 27978 28447 28780 28784 28851 28878 29002 29043 29076 29126 29128 29146 29165 29244 29519 29587 29672 29684 29806 30118 30137 30163 30166 30167 30181 30191 30192 30194 30198 30202 30208 30213 30225 30230 30272 30276 30281 30289 30301 30305 30308 30309 30330 30332 30357 30359 30366 30369 30371 
	}
	naval_terrain=water_shallow_sea
	weather={
	}
}
