
strategic_region={
	id=50
	name="STRATEGICREGION_50"
	provinces={
		23192 23293 23341 23399 23445 23707 23712 23824 23857 23887 24047 24106 24114 24123 24204 24260 24273 24287 24329 24422 24447 24486 24518 24551 24553 24589 24626 24686 24771 24941 24980 25026 25068 25129 25142 25258 25284 25313 25413 25550 25582 25796 25815 25919 25976 26038 26057 26069 26105 26235 26326 26380 26509 26586 26651 26672 26725 26759 26778 26793 26821 26873 26876 26891 27100 27103 27126 27144 27160 27166 27178 27216 27273 27283 27356 27449 27454 27494 27570 27579 27604 27660 27684 27695 27717 27796 27867 27960 27999 28004 28096 28110 28117 28246 28265 28283 28403 28404 28418 28505 28574 28634 28751 28753 28763 28769 28877 28953 28959 29135 29182 29189 29272 29397 29436 29447 29471 29474 29567 29661 29675 29789 29810 29838 29867 29896 30998 31007 31011 31032 31045 31055 31056 31061 31067 31069 31072 31073 31074 31077 31078 31089 31092 31093 31094 31104 31111 31116 31134 31135 31143 31148 31151 31155 31160 31163 31187 31200 31201 31214 31219 31223 31241 31242 31255 31258 31280 31281 31293 31298 31307 31309 31323 31331 
	}
	weather={
	}
}
