
strategic_region={
	id=51
	name="STRATEGICREGION_51"
	provinces={
		23225 23238 23282 23305 23345 23428 23435 23705 23741 23757 23849 23916 23927 23984 23999 24070 24073 24104 24126 24162 24180 24194 24247 24294 24375 24425 24454 24737 24798 25012 25028 25069 25140 25331 25345 25445 25492 25583 25626 25735 25794 25849 25880 25942 26013 26033 26115 26121 26174 26229 26241 26350 26412 26460 26520 26550 26563 26570 26652 26756 26757 26764 26806 26958 26996 27102 27104 27116 27200 27202 27240 27262 27267 27369 27408 27448 27506 27510 27540 27578 27583 27618 27628 27752 27813 27844 27875 27941 27942 27967 28030 28049 28168 28181 28237 28281 28285 28294 28318 28343 28369 28373 28442 28446 28501 28589 28595 28663 28671 28678 28703 28782 28812 28817 28831 28840 28843 28857 28932 28944 28982 28987 29019 29042 29045 29088 29156 29166 29177 29178 29193 29201 29227 29239 29250 29264 29300 29335 29342 29350 29481 29602 29671 29714 29740 29742 29743 29783 29794 29870 31149 31164 31209 31226 31240 31243 31253 31274 31283 31284 31285 31294 31296 31312 31328 31336 31339 31349 31357 31366 31368 31372 31374 31384 31398 31399 31407 31408 31412 31414 31415 31423 31428 31431 31436 31443 31450 31464 31481 31482 31483 31495 31501 31507 31520 31525 31537 
	}
	weather={
	}
}
