
strategic_region={
	id=53
	name="STRATEGICREGION_53"
	provinces={
		30537 23185 23391 23455 23557 23682 23722 23787 23802 23930 24027 24094 24285 24574 24586 24661 24744 24813 24856 24917 24966 24978 25120 25121 25122 25222 25458 25463 25469 25578 25751 25777 25824 25839 25914 26101 26114 26170 26222 26276 26473 26500 26536 26794 26984 27046 27147 27179 27242 27285 27355 27359 27375 27500 27558 27613 27771 27776 27863 27957 28057 28069 28115 28142 28150 28155 28162 28259 28307 28409 28448 28467 28610 28633 28740 28745 28865 29012 29014 29021 29054 29067 29113 29118 29143 29224 29225 29347 29467 29480 29487 29491 29507 29518 29522 29526 29534 29604 29623 29644 30188 30201 30203 30228 30229 30238 30258 30269 30286 30295 30307 30311 30312 30313 30317 30329 30341 30345 30354 30362 30418 30422 30431 30453 30457 30463 30472 30479 30484 30491 30509 30513 30527 
	}
	naval_terrain=water_shallow_sea
	weather={
	}
}
