
strategic_region={
	id=54
	name="STRATEGICREGION_54"
	provinces={
		23176 23222 23241 23256 23290 23295 23298 23312 23320 23334 23344 23354 23395 23430 23431 23459 23509 23517 23520 23534 23552 23565 23588 23670 23749 23759 23804 23858 23864 23934 24021 24024 24062 24086 24124 24133 24148 24164 24168 24191 24431 24459 24467 24488 24509 24530 24540 24560 24576 24588 24609 24678 24707 24728 24738 24756 24764 24778 24814 24833 24867 24905 24907 24954 24960 24965 24990 24991 25090 25097 25139 25160 25168 25176 25206 25224 25251 25270 25280 25297 25363 25392 25456 25568 25615 25629 25663 25665 25688 25692 25732 25776 25779 25862 25885 25903 25959 25964 25971 25977 26056 26082 26085 26087 26091 26110 26123 26125 26129 26179 26181 26188 26207 26305 26308 26325 26328 26338 26379 26383 26431 26439 26470 26489 26492 26497 26522 26523 26526 26543 26568 26623 26630 26633 26736 26741 26746 26765 26792 27005 27021 27022 27032 27036 27068 27093 27096 27099 27119 27130 27132 27135 27136 27177 27193 27203 27212 27257 27261 27289 27290 27294 27298 27309 27311 27395 27418 27420 27434 27452 27606 27664 27769 27806 27859 27870 27894 27905 27945 28005 28016 28024 28048 28056 28101 28163 28189 28196 28267 28274 28286 28324 28365 28374 28397 28401 28425 28428 28504 28532 28561 28629 28639 28645 28658 28661 28669 28686 28709 28719 28771 28806 28842 28923 28957 29060 29103 29164 29181 29194 29231 29275 29288 29308 29329 29370 29411 29413 29496 29545 29549 29583 29590 29609 29612 29632 29642 29741 29753 29754 29788 29795 29846 29869 30052 30077 30086 30121 30124 30125 30144 30153 30165 30169 30173 30174 30183 30187 30190 30197 30200 30205 30209 30215 30220 30227 30234 30240 30241 30242 30255 30261 30264 30265 30267 30268 30271 30279 30285 30287 30302 30315 30319 30322 30328 30335 30343 30346 30350 30358 30363 30364 30367 30368 30373 30390 30414 30446 30449 30450 30458 30462 30471 30480 30485 30489 30499 30502 30503 30511 30512 30530 30534 30538 
	}
	weather={
	}
}
