
strategic_region={
	id=55
	name="STRATEGICREGION_55"
	provinces={
		23177 23181 23204 23207 23250 23259 23329 23331 23337 23361 23385 23425 23449 23454 23482 23496 23498 23533 23536 23570 23601 23612 23633 23640 23647 23692 23700 23729 23737 23745 23760 23792 23841 23854 23859 23867 23880 23912 23935 23940 23956 23959 24001 24057 24059 24089 24142 24169 24268 24270 24274 24301 24305 24360 24405 24415 24436 24525 24581 24613 24619 24631 24637 24646 24681 24689 24759 24774 24797 24827 24830 24840 24865 24876 24877 24894 24933 24944 24986 25011 25013 25037 25038 25052 25059 25061 25064 25065 25132 25155 25174 25216 25242 25245 25249 25342 25384 25462 25472 25477 25496 25514 25531 25532 25563 25572 25576 25587 25594 25597 25658 25660 25678 25717 25721 25727 25742 25745 25746 25788 25808 25844 25852 25868 25900 25905 25920 25926 25940 25982 26026 26031 26063 26093 26100 26148 26155 26162 26168 26190 26200 26223 26228 26240 26273 26285 26290 26316 26373 26390 26406 26424 26447 26453 26475 26487 26505 26507 26569 26573 26611 26638 26688 26714 26744 26747 26755 26767 26772 26858 26914 27062 27079 27081 27124 27142 27154 27176 27205 27237 27244 27306 27317 27350 27358 27371 27382 27417 27421 27450 27465 27528 27533 27542 27553 27593 27594 27612 27614 27640 27661 27766 27774 27782 27814 27825 27828 27841 27854 27922 27937 27949 27951 27983 28012 28025 28046 28081 28100 28102 28144 28187 28201 28205 28207 28223 28241 28311 28337 28399 28402 28420 28429 28431 28434 28435 28483 28498 28517 28539 28552 28555 28569 28621 28640 28677 28725 28742 28759 28854 28870 28871 28900 28919 28926 28934 28956 28991 29078 29097 29138 29197 29209 29251 29298 29321 29341 29349 29355 29377 29392 29499 29517 29530 29538 29599 29651 29659 29668 29669 29674 29676 29681 29722 29729 29761 29764 29771 29784 29797 29802 29817 29828 29830 29836 29849 29891 30521 30543 30548 30554 30558 30563 30566 30568 30574 30577 30582 30583 30584 30588 30589 30590 30594 30607 30618 30620 30621 30634 30636 30639 30643 30645 30648 30649 30651 30684 30685 30700 30703 30723 30725 30727 30733 30743 30746 30749 30754 30763 30771 30772 30797 30798 30802 30806 30822 30829 30851 30856 30865 30873 30901 30918 30920 30946 30954 30963 30995 31016 31052 
	}
	weather={
	}
}
