
strategic_region={
	id=56
	name="STRATEGICREGION_56"
	provinces={
		23208 23216 23247 23249 23286 23370 23372 23381 23390 23413 23432 23466 23472 23507 23510 23582 23598 23637 23750 23758 23772 23853 23886 23895 23944 24015 24018 24026 24029 24058 24095 24100 24107 24115 24159 24207 24219 24231 24271 24310 24313 24327 24345 24355 24368 24369 24380 24388 24392 24396 24403 24413 24426 24472 24490 24499 24517 24522 24537 24548 24552 24557 24565 24601 24604 24607 24658 24663 24672 24700 24701 24716 24762 24809 24839 24853 24864 24911 24926 24939 24956 24999 25035 25063 25076 25079 25087 25092 25099 25116 25123 25134 25144 25158 25173 25177 25182 25212 25227 25228 25243 25262 25264 25298 25301 25306 25321 25330 25341 25351 25379 25394 25425 25486 25510 25524 25534 25547 25573 25575 25584 25592 25593 25596 25606 25642 25661 25673 25700 25705 25708 25712 25719 25722 25723 25725 25728 25729 25737 25754 25755 25778 25785 25806 25817 25821 25822 25853 25930 25937 25948 25950 25963 25975 25988 25992 26014 26025 26045 26077 26120 26149 26186 26254 26263 26272 26284 26286 26296 26312 26313 26330 26345 26385 26389 26404 26429 26465 26498 26513 26527 26558 26565 26580 26581 26587 26614 26626 26637 26640 26644 26649 26665 26668 26686 26691 26697 26700 26717 26749 26758 26773 26782 26791 26796 26814 26854 26866 26879 26881 26885 26889 26921 26922 26939 26979 26988 27002 27018 27050 27085 27086 27089 27164 27251 27256 27264 27269 27279 27310 27316 27368 27383 27407 27409 27415 27422 27437 27476 27479 27487 27513 27529 27530 27560 27561 27575 27592 27595 27607 27634 27636 27648 27658 27698 27727 27731 27790 27795 27799 27810 27818 27821 27823 27831 27862 27872 27913 27916 27938 27952 27973 27982 27998 28008 28029 28040 28061 28088 28107 28114 28121 28146 28148 28157 28217 28234 28252 28264 28277 28309 28326 28350 28362 28395 28440 28443 28450 28473 28487 28515 28526 28533 28537 28545 28584 28604 28609 28624 28648 28667 28698 28727 28760 28787 28807 28816 28820 28822 28834 28850 28855 28886 28887 28892 28905 28910 28911 28940 28951 28955 28985 28988 29006 29015 29035 29047 29049 29071 29072 29082 29083 29101 29106 29116 29129 29140 29192 29196 29215 29222 29228 29235 29237 29249 29254 29270 29293 29315 29338 29348 29362 29383 29384 29437 29445 29454 29459 29488 29495 29565 29566 29569 29594 29597 29607 29615 29707 29712 29744 29774 29821 29824 29876 29890 30792 30821 30824 30838 30839 30843 30845 30849 30853 30857 30864 30868 30869 30875 30882 30887 30888 30890 30892 30893 30896 30899 30903 30906 30911 30915 30917 30929 30930 30932 30936 30964 30966 30973 30974 30991 31013 31022 31037 31039 31040 31041 31060 31063 31064 31066 31075 31091 31096 31097 31099 31120 31127 31133 31145 31147 31153 31157 31161 31169 31173 31175 31180 31202 31210 31216 31221 31222 31224 31225 31233 31234 31248 31259 31263 31266 31267 31268 31270 31287 31288 31301 31317 31321 31324 31327 31330 31332 31333 31334 31343 31344 31350 31354 31360 31362 31364 31367 31373 31379 31382 31383 31387 31388 31403 31404 31405 31421 31453 
	}
	weather={
	}
}
