
strategic_region={
	id=58
	name="STRATEGICREGION_58"
	provinces={
		23217 23303 23327 23401 23406 23429 23548 23578 23716 23803 24066 24082 24466 24520 24529 24735 24763 24890 25203 25340 25427 25441 25528 25548 25570 25639 25761 25804 25847 25859 25907 25932 26009 26050 26300 26315 26535 26590 26629 26634 27098 27106 27107 27236 27374 27651 27654 27716 27719 27735 27990 28026 28047 28137 28240 28346 28424 28493 28502 28506 28578 28618 28706 28711 28747 28768 28828 28904 28952 28977 28981 28984 29066 29190 29262 29407 29415 29479 29547 29573 29577 29762 29814 29826 31427 31455 31456 31462 31473 31486 31493 31503 31508 31515 31530 31552 31560 31564 31566 31581 31585 31591 31592 31596 31598 31599 31646 31649 31668 31686 31696 31698 31747 31751 31766 
	}
	naval_terrain=water_shallow_sea
	weather={
	}
}
