
strategic_region={
	id=59
	name="STRATEGICREGION_59"
	provinces={
		23235 23291 23336 23349 23359 23408 23471 23484 23528 23621 23648 23662 23747 23805 23921 23968 23989 24060 24140 24200 24203 24272 24297 24334 24419 24442 24578 24579 24618 24812 24947 24982 24996 25017 25041 25046 25117 25152 25273 25274 25304 25308 25309 25317 25332 25406 25433 25501 25529 25553 25630 25653 25682 25861 25902 25904 26072 26111 26135 26209 26220 26224 26238 26282 26322 26352 26362 26434 26546 26556 26564 26592 26636 26654 26763 26830 26880 26919 27027 27225 27245 27265 27499 27565 27631 27682 27687 27787 27797 27832 27838 27843 27878 27977 28053 28174 28293 28325 28332 28336 28389 28412 28510 28583 28586 28591 28657 28675 28702 28734 28741 28830 28875 28930 28990 29059 29094 29099 29122 29127 29148 29198 29287 29305 29336 29369 29387 29440 29462 29509 29685 29688 29690 29719 29803 29840 30626 30659 30674 30690 30705 30719 30721 30742 30745 30759 30762 30782 30789 30791 30812 30814 30816 30817 30820 30830 30831 30832 30835 30837 30848 30860 30862 30871 30876 30885 30886 30895 30913 30919 30922 30926 30934 30935 30937 30945 30952 30965 30985 30986 30989 30999 31003 31010 31024 31034 
	}
	weather={
	}
}
