
strategic_region={
	id=60
	name="STRATEGICREGION_60"
	provinces={
		23213 23323 23353 23356 23452 23460 23480 23532 23555 23562 23634 23639 23652 23694 23703 23717 23788 23801 23817 23826 23839 23869 23997 24002 24049 24061 24125 24150 24230 24243 24304 24367 24374 24379 24418 24438 24440 24463 24470 24482 24547 24555 24569 24597 24639 24649 24654 24682 24684 24713 24729 24872 24900 24932 24985 24995 25000 25056 25083 25172 25193 25254 25265 25288 25295 25310 25316 25318 25336 25378 25488 25581 25585 25588 25601 25625 25709 25738 25750 25758 25789 25800 25818 25828 25841 25873 25877 25961 25987 26037 26051 26081 26092 26132 26142 26151 26160 26185 26204 26227 26259 26301 26372 26449 26469 26482 26511 26519 26534 26551 26561 26594 26598 26615 26632 26639 26738 26798 26801 26810 26849 26863 26900 26913 26928 26942 26978 26990 27044 27058 27070 27113 27139 27197 27223 27247 27272 27280 27292 27296 27301 27324 27335 27439 27457 27466 27559 27573 27599 27625 27663 27681 27704 27724 27726 27791 27834 27907 27928 27944 27946 28020 28079 28084 28149 28236 28254 28260 28280 28439 28471 28477 28481 28507 28558 28597 28665 28680 28700 28767 28775 28789 28809 28846 28893 28907 28933 28943 29024 29068 29087 29092 29214 29238 29265 29333 29345 29360 29396 29412 29426 29473 29512 29611 29616 29630 29635 29664 29677 29726 29752 29790 29864 29883 30962 30976 30980 30994 31005 31006 31009 31018 31031 31033 31038 31048 31049 31050 31082 31084 31085 31108 31109 31121 31125 31126 31131 31137 31138 31141 31156 31159 31165 31168 31172 31174 31176 31178 31179 31181 31183 31190 31192 31193 31196 31199 31207 31212 31218 31227 31235 31236 31237 31239 31244 31276 31279 31297 31316 31318 31319 31325 31335 31337 31340 31347 31348 31356 31370 31381 31385 31396 31402 
	}
	weather={
	}
}
