
strategic_region={
	id=61
	name="STRATEGICREGION_61"
	provinces={
		23171 23242 23265 23267 23307 23309 23328 23373 23393 23415 23440 23470 23490 23500 23527 23575 23623 23649 23676 23679 23684 23685 23698 23704 23709 23730 23768 23812 23813 23836 23922 23941 24032 24048 24108 24129 24149 24193 24252 24289 24292 24309 24319 24387 24500 24533 24580 24602 24621 24641 24660 24706 24718 24726 24732 24752 24790 24803 24826 24845 24846 24852 24936 24952 24973 25060 25104 25136 25137 25179 25194 25277 25279 25291 25307 25360 25373 25386 25390 25404 25481 25484 25561 25566 25604 25611 25623 25646 25685 25716 25805 25831 25881 25886 25892 25898 25910 25949 25972 26011 26017 26053 26068 26103 26136 26157 26165 26211 26214 26247 26264 26270 26309 26346 26375 26410 26436 26443 26452 26458 26515 26531 26532 26547 26588 26658 26659 26675 26695 26709 26720 26739 26742 26784 26811 26852 26924 26926 26946 26961 26962 27155 27168 27201 27278 27329 27330 27338 27341 27345 27385 27390 27392 27399 27414 27433 27435 27502 27547 27622 27627 27643 27662 27670 27680 27691 27700 27713 27840 27857 27877 27889 27903 27970 28017 28027 28034 28041 28078 28091 28154 28161 28202 28213 28255 28258 28275 28349 28354 28355 28398 28408 28417 28427 28437 28451 28459 28462 28499 28518 28538 28548 28587 28627 28631 28632 28641 28682 28683 28696 28716 28836 28852 28883 28891 28897 28903 28916 28958 28976 29031 29095 29133 29152 29153 29171 29187 29236 29301 29361 29364 29380 29382 29421 29430 29443 29457 29468 29508 29536 29537 29558 29584 29652 29734 29736 29768 29829 29834 29839 29872 29873 29882 31015 31025 31046 31065 31071 31102 31103 31114 31115 31122 31139 31162 31167 31184 31189 31206 31228 31247 31250 31265 31269 31272 31277 31291 31295 31305 31311 31326 31353 31355 31389 31392 31395 31406 31411 31419 31420 31439 31447 31461 31476 31490 31497 31504 31505 31512 31513 31514 31517 31534 31539 31547 31553 31568 31570 31593 31608 31609 31620 31632 31638 31658 
	}
	weather={
	}
}
