
strategic_region={
	id=63
	name="STRATEGICREGION_63"
	provinces={
		23142 23145 23147 23154 23183 23206 23239 23240 23258 23289 23316 23324 23368 23382 23389 23443 23447 23453 23457 23485 23502 23553 23583 23585 23586 23605 23607 23619 23622 23629 23631 23659 23667 23672 23675 23710 23721 23733 23735 23736 23740 23748 23769 23780 23781 23791 23852 23875 23877 23884 23898 23913 23928 23931 23955 23963 23966 23983 23988 24009 24014 24020 24035 24036 24078 24081 24092 24098 24112 24132 24155 24161 24163 24185 24189 24199 24225 24307 24354 24401 24409 24412 24479 24494 24505 24511 24532 24536 24542 24554 24575 24612 24615 24636 24648 24666 24677 24710 24736 24745 24757 24786 24792 24795 24804 24841 24889 24913 24931 25023 25030 25039 25055 25088 25148 25218 25232 25247 25256 25275 25334 25350 25364 25376 25382 25389 25391 25398 25402 25412 25432 25482 25517 25557 25618 25640 25650 25695 25702 25704 25730 25747 25765 25766 25786 25795 25812 25825 25834 25842 25854 25867 25896 25923 25956 26008 26016 26020 26047 26060 26117 26131 26140 26173 26194 26199 26221 26271 26287 26307 26314 26340 26348 26370 26382 26395 26464 26476 26483 26491 26595 26609 26631 26653 26655 26662 26690 26698 26706 26710 26713 26727 26728 26766 26804 26841 26865 26884 26899 26904 26905 26935 26941 26949 26968 26969 26971 26986 27030 27059 27073 27112 27149 27199 27214 27232 27314 27319 27423 27446 27458 27460 27461 27462 27490 27522 27555 27556 27572 27617 27626 27688 27710 27745 27775 27784 27804 27850 27858 27879 27896 27898 27902 27948 27965 27968 27988 27989 27997 28014 28044 28062 28065 28072 28109 28126 28147 28152 28215 28245 28253 28308 28333 28345 28361 28392 28400 28416 28457 28482 28485 28486 28514 28516 28557 28588 28646 28653 28676 28679 28684 28687 28689 28713 28756 28781 28804 28866 28885 28906 28915 28946 28966 28968 29003 29018 29033 29159 29188 29191 29208 29240 29263 29273 29282 29303 29318 29351 29376 29398 29404 29410 29423 29442 29444 29469 29531 29546 29556 29582 29595 29603 29683 29701 29704 29732 29745 29749 29769 29842 29847 29852 29858 31386 31410 31424 31426 31429 31433 31434 31440 31442 31448 31460 31465 31468 31471 31474 31477 31480 31484 31487 31488 31491 31498 31502 31511 31519 31526 31529 31546 31548 31549 31556 31559 31561 31572 31575 31576 31582 31589 31594 31597 31602 31614 31621 31634 31635 31647 31652 31654 31670 31672 31678 31687 31692 31693 31700 31704 31711 31712 31717 31719 31735 31741 31758 31761 31771 31772 31778 
	}
	weather={
	}
}
