
strategic_region={
	id=64
	name="STRATEGICREGION_64"
	provinces={
		23143 23200 23209 23214 23237 23350 23358 23365 23371 23387 23439 23521 23559 23618 23674 23727 23739 23842 23850 23906 23939 23945 23952 23965 24004 24005 24039 24079 24116 24145 24186 24188 24224 24232 24248 24250 24258 24288 24337 24346 24358 24416 24434 24446 24456 24496 24524 24564 24610 24644 24656 24657 24670 24692 24775 24785 24794 24802 24808 24838 24842 24847 24908 24921 24930 24981 24984 25031 25197 25200 25215 25223 25356 25423 25434 25435 25443 25464 25465 25491 25502 25549 25559 25600 25649 25657 25675 25676 25793 25820 25913 25922 25928 25938 26022 26086 26096 26118 26130 26176 26331 26384 26402 26414 26419 26474 26480 26501 26502 26539 26607 26643 26663 26689 26705 26775 26802 26822 26848 26940 26973 27038 27064 27115 27133 27137 27138 27173 27175 27183 27208 27235 27286 27307 27315 27339 27379 27381 27429 27444 27453 27497 27509 27515 27520 27523 27550 27653 27671 27690 27740 27748 27778 27793 27800 27819 27830 27833 27881 27892 27911 27933 27943 27964 27976 27993 28010 28013 28022 28074 28112 28132 28138 28170 28172 28177 28219 28261 28271 28312 28319 28328 28331 28385 28386 28388 28472 28523 28529 28547 28615 28681 28728 28773 28776 28777 28778 28869 28896 28902 28971 28980 29005 29038 29056 29058 29063 29070 29075 29096 29161 29220 29289 29371 29379 29422 29460 29463 29523 29527 29544 29570 29571 29639 29640 29667 29737 29739 29808 29835 29857 31475 31518 31527 31531 31532 31535 31542 31543 31550 31558 31565 31574 31584 31586 31595 31606 31611 31615 31619 31623 31628 31639 31640 31644 31648 31656 31661 31666 31675 31694 31701 31702 31706 31718 31722 31723 31725 31727 31729 31730 31734 31737 31738 31742 31744 31746 31750 31752 31754 31762 31767 31768 31776 31779 31780 31781 31783 31786 31787 31788 31789 
	}
	weather={
	}
}
