
strategic_region={
	id=65
	name="STRATEGICREGION_65"
	provinces={
		23144 23168 23172 23182 23188 23257 23268 23274 23281 23300 23317 23332 23352 23355 23379 23396 23412 23438 23441 23451 23504 23541 23569 23577 23610 23635 23638 23642 23651 23673 23686 23688 23690 23731 23752 23763 23773 23775 23790 23861 23873 23876 23910 23918 23925 23933 23948 23975 23986 23992 24023 24050 24051 24054 24088 24096 24102 24130 24176 24190 24195 24198 24214 24222 24244 24311 24326 24340 24382 24414 24417 24476 24493 24527 24539 24543 24582 24638 24650 24675 24695 24703 24705 24712 24714 24734 24750 24751 24767 24819 24882 24883 24893 24910 24915 24925 24970 24987 24997 25003 25009 25054 25058 25131 25138 25175 25181 25188 25190 25211 25226 25235 25276 25296 25347 25352 25354 25361 25374 25388 25397 25401 25415 25426 25428 25454 25461 25507 25530 25535 25536 25537 25595 25620 25632 25634 25668 25686 25744 25790 25797 25803 25809 25823 25857 25860 25870 25878 25918 25968 25986 26005 26126 26163 26198 26203 26233 26252 26261 26278 26293 26311 26334 26342 26343 26358 26363 26394 26415 26417 26423 26442 26446 26457 26467 26504 26555 26567 26582 26591 26620 26679 26684 26685 26708 26726 26731 26751 26753 26768 26776 26779 26805 26826 26839 26869 26906 26910 26917 26943 27025 27029 27035 27140 27151 27186 27259 27271 27287 27386 27404 27425 27484 27489 27525 27526 27562 27590 27597 27608 27650 27669 27677 27708 27712 27747 27754 27767 27846 27855 27871 27906 27917 27920 27926 27950 28000 28003 28054 28063 28064 28098 28104 28141 28192 28272 28287 28340 28353 28396 28410 28490 28521 28535 28603 28673 28699 28721 28723 28736 28748 28766 28786 28818 28826 28829 28874 28880 28894 28963 28997 29093 29117 29141 29195 29207 29211 29212 29253 29320 29339 29340 29409 29486 29490 29500 29562 29564 29622 29636 29649 29656 29662 29692 29747 29782 29850 29854 31492 31494 31496 31509 31510 31521 31522 31523 31536 31540 31551 31555 31563 31569 31571 31578 31583 31588 31590 31601 31603 31605 31607 31617 31627 31629 31636 31637 31643 31645 31653 31657 31660 31662 31671 31676 31679 31680 31681 31682 31685 31689 31690 31691 31699 31703 31705 31708 31710 31714 31715 31721 31724 31726 31728 31731 31733 31736 31740 31743 31745 31748 31749 31753 31755 31756 31757 31759 31760 31763 31764 31765 31769 31770 31773 31774 31775 31777 31782 31784 31785 31790 
	}
	weather={
	}
}
