
strategic_region={
	id=66
	name="STRATEGICREGION_66"
	provinces={
		23347 23392 23397 23506 23581 23810 24317 24389 24462 24481 24573 24683 24787 24878 24914 24969 24979 25191 25324 25370 25498 25562 25627 25799 25874 25917 25947 25952 25960 25966 25983 26007 26012 26108 26183 26275 26364 26377 26381 26425 26432 26508 26552 26740 26750 26872 26934 26977 27048 27084 27123 27150 27169 27180 27196 27220 27276 27321 27326 27351 27464 27473 27531 27535 27566 27758 27798 27826 27848 27849 27874 27918 27940 28058 28073 28122 28134 28182 28197 28200 28220 28238 28444 28464 28465 28503 28509 28647 28659 28764 28882 28889 28920 28928 28965 29026 29034 29046 29131 29144 29352 29424 29451 29494 29504 29581 29588 29610 29680 29702 29881 29899 31449 31454 31466 31467 31499 31500 31506 31516 31524 31528 31538 31545 31554 31557 31562 31567 31577 31587 31600 31604 31610 31612 31613 31618 31622 31624 31625 31626 31630 31631 31633 31641 31642 31650 31651 31655 31659 31663 31664 31665 31667 31669 31673 31674 31677 31683 31684 31688 31695 31697 31707 31709 31713 31716 31720 31732 31739 
	}
	naval_terrain=water_fjords
	weather={
	}
}
