
strategic_region={
	id=67
	name="STRATEGICREGION_67"
	provinces={
		23159 23189 23236 23343 23414 23422 23488 23501 23508 23584 23628 23645 23669 23689 23695 23756 23779 23789 23860 23885 23971 23978 23985 24075 24110 24153 24167 24202 24212 24242 24264 24350 24477 24497 24503 24519 24550 24559 24655 24659 24697 24699 24765 24904 24927 24967 25067 25272 25289 25450 25506 25533 25543 25662 25667 25683 25689 25739 25762 25833 25866 25897 26006 26094 26124 26141 26153 26164 26178 26292 26304 26320 26335 26369 26418 26421 26437 26440 26445 26478 26485 26618 26683 26808 26834 26844 26864 26948 26955 26957 27013 27053 27078 27228 27250 27274 27331 27349 27372 27467 27495 27505 27512 27516 27524 27537 27551 27564 27596 27655 27668 27696 27706 27744 27966 28055 28111 28123 28131 28188 28243 28257 28316 28338 28358 28405 28414 28474 28531 28563 28577 28650 28707 28749 28758 28765 28797 28813 28824 28839 28864 28938 29065 29172 29245 29252 29285 29327 29516 29524 29552 29574 29614 29641 29694 29697 29773 29880 30248 30253 30273 30278 30290 30293 30294 30298 30303 30310 30331 30342 30349 30355 30372 30375 30376 30380 30395 30397 30421 30427 30433 30441 30442 30445 30483 30507 30520 30528 30536 30540 30553 30555 30575 30581 30591 30595 30599 30608 30617 30628 30631 30644 
	}
	weather={
	}
}
