
strategic_region={
	id=68
	name="STRATEGICREGION_68"
	provinces={
		23195 23215 23360 23364 23478 23483 23497 23537 23784 23890 23908 23954 23967 24072 24182 24241 24245 24347 24398 24450 24483 24568 24687 24717 24754 24789 24821 24843 24844 24857 24949 24950 24958 25077 25113 25163 25183 25366 25377 25396 25442 25466 25558 25609 25652 25669 25710 25714 25726 25733 25783 25935 25958 25995 26028 26035 26080 26145 26210 26219 26279 26283 26332 26349 26365 26371 26459 26484 26494 26530 26608 26670 26680 26743 26847 26907 26918 26983 27015 27040 27041 27051 27117 27131 27210 27400 27443 27455 27518 27534 27630 27644 27646 27702 27718 27721 27890 27927 27995 28009 28070 28127 28139 28214 28221 28251 28276 28279 28301 28377 28513 28527 28553 28605 28619 28622 28643 28691 28697 28774 28890 28914 28927 28979 29013 29081 29100 29124 29230 29271 29279 29311 29316 29328 29344 29385 29446 29452 29482 29493 29505 29510 29539 29613 29638 29655 29700 29705 29710 29735 29746 29792 29819 29823 29871 29892 29898 30495 30508 30517 30560 30564 30586 30597 30600 30601 30604 30605 30611 30612 30623 30633 30638 30650 30654 30656 30664 30666 30667 30676 30677 30678 30682 30692 30694 30697 30702 30704 30710 30722 30731 30732 30741 30747 30748 30752 30755 30764 30775 30781 30785 30793 30805 30808 30861 30883 30931 30947 
	}
	naval_terrain=water_fjords
	weather={
	}
}
