
strategic_region={
	id=69
	name="STRATEGICREGION_69"
	provinces={
		23254 23284 23362 23410 23467 23723 23818 23838 23892 23893 23943 24006 24046 24127 24179 24228 24254 24303 24352 24404 24430 24437 24443 24449 24455 24546 24629 24747 24760 24891 24912 24918 24998 25010 25024 25034 25081 25128 25164 25208 25253 25300 25314 25326 25348 25365 25437 25453 25538 25564 25567 25641 25696 25703 25741 25749 25802 25837 25901 25979 26039 26043 26112 26184 26196 26212 26281 26291 26351 26353 26411 26461 26516 26525 26596 26597 26701 26722 26730 26745 26871 26892 26954 26959 26960 26972 26993 26998 27011 27146 27182 27191 27255 27277 27336 27347 27367 27428 27470 27485 27532 27557 27601 27602 27635 27732 27802 27805 27817 27980 28083 28179 28183 28190 28247 28290 28299 28315 28394 28423 28441 28458 28491 28494 28524 28550 28564 28567 28582 28600 28628 28651 28796 28832 28881 28913 28945 28954 28973 28975 28983 28986 29023 29025 29051 29073 29079 29090 29102 29125 29145 29155 29163 29168 29284 29297 29322 29337 29372 29388 29402 29441 29456 29470 29533 29548 29551 29568 29580 29629 29678 29706 29709 29711 29767 29799 29900 30996 31027 31029 31058 31080 31088 31098 31113 31123 31129 31144 31150 31152 31166 31188 31191 31198 31203 31208 31230 31232 31238 31261 31275 31290 31299 31300 31302 31304 31306 31314 31315 31320 31341 31342 31363 31375 31380 31393 31397 31400 31409 31417 31418 31430 31432 31435 31438 31444 31446 31452 31459 31470 31472 31489 31533 31541 31544 31573 31579 31580 31616 
	}
	weather={
	}
}
