
strategic_region={
	id=70
	name="STRATEGICREGION_70"
	provinces={
		23148 23163 23164 23174 23178 23201 23220 23223 23227 23252 23255 23266 23283 23292 23326 23363 23377 23378 23388 23400 23444 23463 23464 23465 23477 23495 23531 23544 23558 23587 23596 23611 23614 23643 23655 23732 23751 23754 23770 23777 23783 23795 23821 23832 23846 23848 23870 23872 23896 23899 23901 23905 23919 23924 23946 23960 23970 24010 24040 24042 24067 24091 24101 24121 24134 24143 24174 24220 24226 24275 24279 24280 24282 24323 24336 24356 24378 24439 24504 24507 24528 24624 24643 24647 24653 24749 24772 24773 24782 24799 24801 24834 24851 24859 24860 24896 24898 24901 24974 25018 25045 25051 25053 25070 25133 25169 25246 25248 25255 25257 25261 25263 25269 25312 25322 25327 25338 25343 25358 25387 25417 25420 25431 25436 25449 25451 25455 25470 25479 25526 25542 25599 25602 25617 25621 25670 25694 25811 25814 25836 25846 25848 25850 25865 25944 25999 26001 26018 26027 26034 26046 26066 26099 26156 26192 26195 26237 26288 26398 26401 26471 26472 26486 26490 26493 26499 26510 26560 26566 26576 26578 26624 26692 26785 26786 26797 26812 26819 26835 26845 26888 26894 26927 26952 26953 26956 26965 26989 26994 26995 27017 27034 27037 27055 27148 27211 27213 27227 27231 27234 27258 27303 27323 27387 27396 27398 27405 27416 27431 27488 27538 27539 27605 27693 27763 27786 27789 27794 27853 27861 27887 28036 28066 28093 28165 28178 28195 28208 28218 28284 28314 28320 28323 28381 28438 28460 28480 28642 28655 28717 28823 28861 28931 28937 28960 29027 29030 29041 29121 29147 29167 29169 29183 29219 29266 29309 29378 29401 29403 29417 29420 29432 29483 29503 29601 29606 29624 29670 29693 29787 29886 30139 30147 30170 30180 30189 30193 30195 30217 30221 30222 30239 30243 30257 30280 30284 30297 30321 30325 30334 30348 30361 30378 30394 30411 30417 30455 30459 30465 30478 30501 30522 30529 30532 30544 30562 30576 30606 30609 30658 30663 30683 30691 30693 30716 30730 30767 
	}
	weather={
	}
}
