
strategic_region={
	id=71
	name="STRATEGICREGION_71"
	provinces={
		23138 23162 23193 23199 23262 23264 23269 23304 23311 23314 23319 23335 23339 23462 23476 23479 23487 23516 23518 23524 23597 23606 23608 23630 23653 23656 23657 23658 23677 23691 23696 23771 23796 23809 23827 23874 23879 23897 23951 23953 23979 23990 24053 24055 24097 24119 24183 24184 24187 24206 24208 24218 24235 24284 24290 24291 24306 24314 24322 24333 24339 24395 24399 24451 24457 24531 24598 24603 24620 24633 24668 24673 24708 24837 24848 24866 24887 24909 24955 24962 24971 24989 24994 25016 25050 25071 25073 25080 25102 25105 25107 25115 25119 25141 25154 25157 25162 25184 25214 25250 25267 25353 25411 25418 25515 25521 25580 25644 25671 25687 25693 25699 25701 25748 25756 25782 25893 25965 25981 25998 26088 26106 26187 26258 26268 26297 26299 26321 26337 26339 26359 26426 26448 26517 26528 26548 26553 26621 26674 26737 26771 26831 26870 26897 26911 26915 26987 26997 27008 27028 27033 27069 27075 27076 27094 27195 27282 27293 27318 27325 27333 27360 27432 27546 27567 27609 27610 27619 27657 27679 27703 27705 27715 27729 27738 27753 27762 27777 27829 27852 27947 27981 28086 28090 28136 28160 28206 28226 28295 28380 28445 28468 28525 28571 28572 28590 28636 28652 28694 28710 28729 28947 28967 28994 29022 29037 29086 29091 29213 29218 29259 29268 29281 29330 29332 29359 29416 29429 29431 29521 29553 29620 29658 29721 29766 29775 29809 29815 29820 29855 29856 29862 29874 30706 30761 30770 30788 30794 30795 30807 30844 30859 30870 30884 30902 30923 30949 30988 30997 31026 31047 31059 31081 31095 31101 31105 31119 31132 31154 31158 31171 31185 31186 31194 31204 31205 31215 31220 31245 31246 31260 31262 31264 31271 31286 31310 31329 31358 31359 31376 31377 31378 31394 31416 31425 31441 31445 31457 31469 31479 
	}
	weather={
	}
}
