
strategic_region={
	id=72
	name="STRATEGICREGION_72"
	provinces={
		23184 23203 23205 23210 23211 23226 23494 23525 23574 23590 23591 23766 23786 23799 23855 23894 23920 23957 23995 24013 24022 24117 24144 24217 24221 24236 24251 24266 24365 24372 24384 24402 24452 24492 24521 24561 24595 24628 24715 24740 24746 24769 24888 24899 24968 25025 25043 25108 25159 25161 25189 25210 25219 25236 25447 25487 25495 25545 25713 25882 25954 26019 26061 26089 26147 26182 26206 26208 26230 26231 26236 26265 26360 26387 26392 26438 26577 26641 26704 26707 26754 26788 26799 26816 26895 27056 27077 27161 27302 27482 27492 27554 27563 27586 27649 27725 27746 27772 27864 27895 27994 28059 28094 28159 28166 28222 28231 28296 28300 28322 28347 28411 28415 28511 28544 28602 28690 28705 28712 28726 28739 28750 28799 28800 29044 29104 29139 29157 29184 29185 29205 29294 29306 29506 29579 29593 29605 29679 29699 29751 29777 29822 29894 30103 30123 30134 30140 30149 30150 30155 30158 30162 30164 30168 30185 30204 30210 30216 30224 30247 30249 30250 30252 30270 30283 30288 30292 30296 30314 30327 30336 30339 30352 30384 30403 
	}
	weather={
	}
}
