
strategic_region={
	id=73
	name="STRATEGICREGION_73"
	provinces={
		23277 23308 23380 23492 23554 23646 23728 23755 23764 23785 23829 23851 23868 23932 24019 24109 24152 24172 24210 24213 24300 24320 24465 24469 24478 24510 24513 24515 24585 24592 24625 24630 24664 24727 24741 24829 24874 24884 25002 25020 25082 25091 25103 25207 25233 25238 25241 25244 25290 25344 25359 25371 25381 25409 25552 25622 25631 25633 25681 25718 25757 25767 25769 25801 25827 25871 25945 25996 26032 26040 26067 26104 26161 26213 26226 26244 26274 26280 26303 26354 26368 26386 26388 26396 26409 26477 26521 26572 26601 26612 26617 26622 26650 26702 26748 26769 26780 26829 26832 26838 26850 26860 26875 26916 26931 26963 26975 26976 26980 27031 27052 27072 27092 27143 27165 27204 27215 27230 27233 27263 27275 27288 27327 27373 27388 27401 27424 27475 27481 27571 27580 27598 27611 27666 27699 27742 27780 27792 27803 27860 27883 27921 27923 27986 28021 28032 28037 28038 28039 28108 28116 28124 28151 28153 28184 28212 28235 28250 28291 28329 28357 28359 28363 28368 28379 28391 28519 28534 28540 28664 28714 28730 28803 28805 28837 28849 28856 28860 28863 28908 28917 28924 28978 28992 28998 29008 29011 29016 29017 29048 29053 29109 29151 29186 29217 29234 29242 29261 29280 29290 29304 29312 29313 29323 29358 29381 29400 29419 29489 29497 29576 29585 29589 29598 29633 29673 29760 29807 29832 29861 29866 30338 30360 30370 30379 30391 30392 30407 30413 30416 30419 30429 30430 30436 30437 30438 30447 30464 30468 30469 30474 30477 30487 30492 30497 30498 30514 30515 30516 30518 30523 30524 30533 30539 30542 30545 30547 30549 30567 30571 30579 30585 30587 30596 30602 30615 30630 30641 30653 30655 30662 30672 30679 30686 30687 30696 30708 30709 30718 30724 30728 30734 30738 30744 30750 30751 30756 30765 30766 30774 30780 30783 30784 30787 30804 30810 30811 30813 30815 30825 30866 30867 30877 30881 30894 30904 30921 30933 30938 30940 30944 30950 30951 30956 30958 30970 
	}
	naval_terrain=water_shallow_sea
	weather={
	}
}
