
strategic_region={
	id=74
	name="STRATEGICREGION_74"
	provinces={
		23169 23186 23338 23386 23475 23522 23603 23616 23814 23820 23862 23914 23926 23969 23980 23994 24034 24093 24177 24227 24246 24255 24278 24332 24445 24471 24534 24538 24545 24566 24614 24623 24632 24651 24688 24742 24793 24861 24885 24903 24975 25095 25130 25180 25429 25489 25518 25519 25554 25586 25645 25706 25864 25872 25884 25925 25929 25980 26042 26070 26095 26097 26109 26225 26366 26481 26542 26625 26657 26661 26667 26671 26715 26828 26898 26938 26999 27156 27157 27224 27253 27284 27297 27304 27357 27406 27543 27568 27576 27584 27615 27638 27709 27711 27824 27839 27975 28171 28175 28191 28266 28278 28282 28348 28430 28489 28541 28594 28611 28649 28718 28755 28785 28788 28790 28795 28811 28995 28996 29111 29150 29174 29199 29200 29269 29291 29292 29326 29334 29343 29366 29368 29391 29406 29461 29466 29529 29541 29665 29748 29844 30982 31004 31008 31028 31036 31057 31062 31070 31079 31086 31087 31112 31117 31118 31130 31136 31140 31146 31170 31195 31211 31213 31251 31256 31282 31292 31313 31338 31345 31346 31352 31361 31390 31401 31413 31437 31451 
	}
	weather={
	}
}
