
strategic_region={
	id=75
	name="STRATEGICREGION_75"
	provinces={
		23165 23198 23212 23233 23260 23302 23394 23418 23442 23529 23535 23563 23567 23620 23632 23636 23701 23708 23742 23762 23806 23816 23915 23958 24085 24113 24137 24197 24229 24238 24249 24269 24338 24410 24420 24556 24635 24669 24698 24849 24919 25001 25093 25151 25202 25271 25339 25368 25438 25527 25614 25679 25763 25899 25911 25916 25943 26090 26122 26201 26256 26317 26378 26407 26503 26606 26676 26723 27071 27097 27109 27127 27222 27343 27384 27480 27689 27886 27914 27930 27984 28256 28393 28551 28815 28838 28901 29077 29170 29233 29246 29373 29434 29465 29559 29860 29863 29868 31249 31252 31257 31278 31351 31369 31391 31422 31458 31463 31478 31485 
	}
	naval_terrain=water_deep_ocean
	weather={
	}
}
