
strategic_region={
	id=76
	name="STRATEGICREGION_76"
	provinces={
		23152 23180 23187 23190 23230 23246 23263 23296 23297 23299 23315 23357 23421 23423 23437 23448 23481 23503 23512 23538 23564 23576 23641 23661 23687 23719 23725 23793 23800 23830 23973 23977 23993 24003 24045 24087 24295 24298 24331 24357 24408 24473 24596 24606 24617 24748 24779 24805 24832 24850 24880 24906 24916 24920 24935 24959 25007 25096 25098 25185 25195 25213 25240 25499 25500 25513 25551 25628 25711 25753 25798 25875 25927 25934 26000 26036 26054 26055 26062 26075 26150 26166 26253 26319 26323 26416 26541 26557 26599 26619 26645 26647 26677 26696 26761 26974 26992 27047 27049 27088 27128 27194 27219 27241 27243 27413 27569 27736 27811 27865 27901 27931 27956 27962 27996 28077 28199 28216 28327 28342 28344 28484 28581 28695 28761 28779 28974 29057 29089 29137 29278 29310 29365 29425 29476 29477 29540 29572 29578 29634 29650 29686 29703 29716 29727 30625 30652 30665 30695 30707 30726 30736 30834 30850 30874 30878 30889 30900 30912 30928 30939 30943 30948 30953 30959 30971 30972 30993 31002 31014 31019 31044 31054 31107 31124 31231 
	}
	naval_terrain=water_deep_ocean
	weather={
	}
}
