
strategic_region={
	id=77
	name="STRATEGICREGION_77"
	provinces={
		23137 23234 23248 23251 23273 23306 23310 23376 23434 23561 23627 23660 23665 23715 23734 23744 23746 23835 23843 23845 23882 23902 23949 23961 23974 23991 24007 24105 24118 24122 24158 24192 24239 24256 24283 24351 24371 24377 24381 24383 24411 24444 24485 24498 24512 24544 24577 24584 24640 24642 24690 24761 24806 24871 24873 24886 24937 24948 24951 25019 25032 25101 25146 25198 25205 25333 25395 25416 25512 25520 25540 25555 25574 25698 25773 25774 25829 25921 25946 25970 26159 26257 26333 26355 26356 26357 26361 26514 26716 26781 26861 27185 27190 27217 27249 27299 27363 27391 27463 27477 27486 27507 27647 27750 27801 27815 27822 27953 28035 28130 28185 28198 28230 28305 28364 28478 28492 28530 28598 28688 28744 28810 28862 28873 28948 29176 29206 29221 29663 29778 29831 30713 30786 30796 30855 30910 30914 30941 30961 30977 30979 31043 31076 31090 31100 31177 31197 
	}
	naval_terrain=water_deep_ocean
	weather={
	}
}
