
strategic_region={
	id=78
	name="STRATEGICREGION_78"
	provinces={
		23157 23160 23170 23179 23197 23218 23219 23224 23278 23294 23301 23325 23342 23375 23383 23384 23398 23427 23474 23551 23592 23602 23613 23626 23664 23671 23711 23765 23807 23834 23840 23844 23863 23865 23923 23929 24139 24166 24196 24299 24349 24362 24406 24432 24474 24514 24558 24571 24611 24652 24679 24711 24723 24730 24755 24766 24770 24817 24835 24862 24881 24957 24961 25015 25074 25145 25153 25178 25239 25259 25293 25328 25346 25448 25504 25511 25589 25605 25635 25643 25659 25672 25684 25691 25764 25771 25819 25879 25908 25990 26002 26071 26076 26107 26113 26144 26191 26197 26202 26250 26376 26408 26430 26538 26575 26642 26734 26790 26842 26937 27010 27016 27042 27114 27188 27352 27411 27519 27574 27585 27659 27686 27743 27770 27842 27880 27893 27961 27969 28042 28052 28075 28106 28383 28570 28662 28685 28732 28808 28844 28876 28964 29039 29202 29223 29257 29260 29386 29653 29724 29725 29813 29865 29888 30277 30356 30365 30374 30396 30399 30410 30426 30444 30454 30475 30488 30493 30506 30519 30551 30552 30557 30578 30580 30603 30610 30614 30619 30624 30627 30635 30637 30669 30673 30689 
	}
	naval_terrain=water_deep_ocean
	weather={
	}
}
