state={
	id=127
	name="STATE_127"
	provinces={
		548 824 934 1014 1169 1791 2339 2444 2566 2604 3029 3045 3282 3312 3399 3836 4011 4747 4748 5124 5152 5171 6029 6295 6351 6694 6723 6832 7016 7187 8851 8960 9120 9228 9727 9751 9895 10286 10429 16429 16435 16487 16543 16568 16593 16690 16721 16722 16749 16825 16826 16839 16848 16864 16879 16897 16907 16951 16952 16953 17004 17015 17022 17032 17033 17064 17095 17101 17117 17118 17162 17168 17180 17190 17191 17233 17234 17235 17278 17289 17299 
	}
	manpower=100000
	state_category=large_town
	history = {
		owner = NUA
	}
	buildings_max_level_factor=1.000
}
