state={
	id=13
	name="STATE_13"
	provinces={
		137 285 1052 1449 1775 2042 2177 2595 2702 2840 3647 4318 4441 4775 4835 5048 5133 5533 5723 5789 5872 6619 7018 7028 7127 7156 7186 7421 7748 7752 8036 8146 8181 8249 8267 8810 9112 9157 9356 9382 9423 10064 10283 10285 10452 10645 10705 11007 11010 11013 11024 11042 11043 11050 11055 11087 11104 11105 11125 11136 11152 11153 11168 11201 11208 11240 11254 11270 11271 11272 11297 11321 11322 11331 11352 11368 11402 11422 11451 11483 11513 11527 11559 11579 11619 11620 11649 11734 11769 11820 11833 11834 11895 11928 11944 11986 12035 
	}
	manpower=100000
	state_category=large_town
	history = {
		owner = NUA
	}
	buildings_max_level_factor=1.000
}
