state={
	id=141
	name="STATE_141"
	provinces={
		246 429 639 1848 1954 2047 2101 3375 3805 4000 4590 4652 4753 5042 5086 5191 5273 5348 5419 5689 5919 6146 6157 6187 6334 6346 6710 6725 6764 7419 7581 7706 7710 7815 7869 7918 8112 8352 8489 8599 9224 9533 9963 10079 10213 10570 10794 17014 17049 17137 17201 17202 17211 17257 17258 17259 17288 17292 17306 17314 17330 17331 17338 17356 17357 17358 17367 17376 17389 17390 17399 17409 17424 17425 17432 17446 17455 17456 17464 17474 17492 17493 17500 17501 17523 17529 17530 17536 17571 17590 17608 17614 17623 17643 17654 17707 17713 17714 
	}
	manpower=100
	state_category = large_town
	history = {
		owner = NUA
	}
	buildings_max_level_factor=1.000

	history = {
		owner = NUA
		add_core_of = NUA
	}
}