state={
	id=15
	name="STATE_15"
	provinces={
		43 149 244 267 386 405 578 596 623 959 995 1004 1030 1297 1401 1549 1676 1719 1885 1953 2031 2067 2095 2352 2525 2572 2682 2733 2744 2746 3439 3622 3699 3708 3838 3853 3855 4053 4186 4191 4389 4644 4707 4736 4778 5033 5113 5414 5426 5463 5688 5814 5928 6065 6163 6515 6557 6581 6608 6996 7062 7202 7296 7525 7654 7662 7816 7839 7888 8005 8006 8214 8239 8328 8567 8868 9017 9025 9089 9122 9139 9285 9292 9316 9400 9509 9654 9673 9766 9891 9961 10236 10301 10317 10520 10672 10790 10852 11045 11052 11062 11067 11070 11077 11083 11091 11092 11099 11111 11129 11130 11140 11146 11147 11148 11157 11158 11169 11177 11184 11191 11192 11193 11199 11203 11211 11212 11213 11214 11233 11234 11242 11248 11249 11256 11264 11275 11285 11286 11301 11308 11317 11324 11325 11334 11335 11339 11340 11347 11356 11363 11372 11373 11384 11385 11392 11393 11397 11398 11399 11406 11407 11413 11414 11434 11435 11445 11453 11462 11463 11473 11478 11485 11486 11487 11488 11489 11495 11496 11516 11517 11518 11529 11537 11538 11541 11553 11554 11568 11574 11583 11584 11599 11613 11623 11624 11631 11645 11651 11652 11659 11672 11673 11681 11682 11698 11704 11710 11717 11718 11728 11745 11758 11759 11760 11784 11802 11803 11824 11849 
	}
	manpower=100000
	state_category=large_town
	history = {
		owner = NUA
	}
	buildings_max_level_factor=1.000
}
