state={
	id=156
	name="STATE_156"
	provinces={
		159 310 373 542 594 687 701 706 1098 1110 1237 1354 1462 1510 1523 1610 1662 1806 1893 1927 2096 2099 2110 2172 2291 2306 2350 2594 2619 2632 2680 2709 2725 2751 2826 3071 3073 3233 3343 3392 3590 3614 3714 3770 3773 3784 3806 3917 3920 3994 4012 4070 4111 4472 4533 4599 4635 4743 4795 4834 4861 4866 4911 4979 5077 5256 5462 5501 5503 5575 5642 5985 6072 6109 6179 6270 6277 6302 6359 6427 6450 6514 6533 6538 6756 6758 6800 6875 6882 7019 7249 7288 7392 7454 7488 7578 7664 7675 7813 7820 7825 7843 7868 7966 8037 8207 8210 8233 8543 8681 8697 8843 8890 8932 9070 9082 9163 9178 9189 9360 9371 9441 9514 9598 9600 9623 9636 9643 9797 9955 9972 10150 10191 10256 10274 10394 10414 10511 17509 17538 17551 17552 17564 17576 17577 17583 17627 17634 17635 17640 17658 17673 17685 17694 17695 17703 17704 17709 17725 17750 17751 17764 17765 17766 17767 17778 17809 17821 17822 17834 17835 17836 17845 17846 17847 17868 17885 17889 17890 17898 17902 17925 17926 17927 17934 17948 17957 17966 17967 17968 17980 17985 17986 17996 17997 17998 18007 18008 18009 18010 18021 18026 18027 18033 18034 18035 18044 18045 18046 18055 18069 18070 18071 18072 18073 18074 18075 18093 18094 18095 18103 18104 18122 18123 18124 18125 18137 18138 18145 18146 18147 18148 18149 18156 18165 18166 18187 18194 18199 18200 18201 18212 18217 18218 18227 18228 18229 18230 18231 18246 18272 18273 18274 18281 18288 18293 18298 18299 18305 18339 18362 18363 18370 18371 18385 18390 18391 18400 18416 18424 18425 18431 18439 18456 18485 18517 18529 18532 18551 
	}
	manpower=100000
	state_category=large_town
	history = {
		owner = NUA
	}
	buildings_max_level_factor=1.000
}
