state={
	id=16
	name="STATE_16"
	provinces={
		117 1017 1069 1353 2013 2148 2451 2458 3038 3206 3874 3885 4217 4362 4390 4526 5441 5459 5972 6528 6674 6713 6772 7067 7236 7692 7861 8209 8241 8290 8334 8389 8519 8576 8716 8727 9944 10268 10355 11132 11178 11186 11228 11236 11243 11251 11277 11291 11376 11377 11387 11468 11475 11544 11545 11556 11557 11625 11638 11687 11764 11775 11817 11862 11863 11876 11949 12014 12042 12066 12111 12202 12243 12264 12301 12350 12351 12374 12412 12440 12471 12538 12581 12603 12645 12655 12688 12741 
	}
	manpower=100000
	state_category=large_town
	buildings_max_level_factor=1.000
}
