state={
	id=162
	name="STATE_162"
	provinces={
		2 82 387 395 501 598 825 919 1143 1273 1559 1691 1699 1737 1892 1959 1980 2191 2673 2887 3519 3634 3716 3815 4051 4164 4173 4180 4201 4448 4695 4812 5000 5079 5181 5293 5307 5398 5666 5838 6185 6251 6641 6948 6970 7079 7304 7350 7669 7812 8127 8410 8546 8578 8629 8661 9133 9516 9526 9706 9905 10056 10062 10386 10415 10720 10844 10866 17554 17563 17600 17610 17631 17655 17656 17679 17684 17692 17722 17738 17739 17740 17741 17775 17776 17786 17793 17804 17805 17812 17828 17829 17853 17864 17865 17874 17880 17916 17936 17954 17982 17990 17991 17992 18014 18023 18067 18078 18085 18086 18087 18110 18119 18134 18152 18153 18161 18174 18223 18240 18250 18251 18252 18268 18295 18307 18308 18315 18334 18337 18346 18356 18357 18367 18376 18383 18414 18422 18454 18476 18483 18487 18488 18501 18502 18554 18555 18627 
	}
	manpower=100000
	state_category=large_town
	buildings_max_level_factor=1.000
}
