state={
	id=17
	name="STATE_17"
	provinces={
		348 576 614 968 1048 1167 1533 1926 2438 2650 2830 2859 3088 3495 4038 4274 4379 4577 4677 5072 5354 5585 5641 5728 6735 6774 6951 7159 7546 7548 7806 8008 8086 8941 9260 9491 10016 10312 10483 10638 11137 11162 11230 11246 11282 11289 11332 11362 11432 11433 11533 11560 11611 11642 11679 11755 11792 11856 11857 11887 11919 11953 11954 12005 12023 12024 12070 12085 12124 12137 12158 12159 12183 12195 12213 12250 12269 12270 12379 12432 
	}
	manpower=100000
	state_category=large_town
	history = {
		owner = NUA
	}
	buildings_max_level_factor=1.000
}
