state={
	id=171
	name="STATE_171"
	provinces={
		404 942 1003 1253 1433 1799 2089 2183 2193 2257 2388 2605 2625 2646 2762 3157 3195 3313 3449 3702 3848 4063 4215 4336 4774 4934 4955 5679 6588 8346 8551 8672 8883 8979 9081 9448 9612 9750 9814 10026 10105 10126 10367 10734 10858 17860 17883 17897 17919 17933 17947 17965 17984 17995 18015 18060 18061 18068 18080 18092 18112 18144 18155 18175 18216 18226 18244 18245 18286 18287 18297 18309 18329 18349 18354 18360 18397 18398 18399 18423 18461 18478 18508 18516 18542 18562 18610 18629 
	}
	manpower=100000
	state_category=large_town
	history = {
		owner = NUA
	}
	buildings_max_level_factor=1.000
}
