state={
	id=173
	name="STATE_173"
	provinces={
		5 260 1431 1948 2076 2353 2940 3307 3325 3488 3539 3980 4207 4398 4665 6226 6728 7058 7168 7173 7755 7807 8109 8568 8623 8688 8771 9065 9361 9742 9960 10838 10895 17790 17838 17839 17875 17899 17903 17910 17911 17912 17929 17988 17999 18000 18036 18048 18081 18082 18128 18157 18207 18233 18264 18290 18306 18335 18441 18462 18480 18492 18509 18543 18558 18583 18590 18642 18655 18717 
	}
	manpower=100000
	state_category=large_town
	history = {
		owner = NUA
	}
	buildings_max_level_factor=1.000
}
