state={
	id=176
	name="STATE_176"
	provinces={
		953 2208 2691 3636 3797 4142 4248 5137 5182 5487 5620 6276 7215 7663 8289 8300 8642 9321 9741 9800 10049 10471 10770 17840 17849 17877 17886 17922 17959 17975 17976 17981 18039 18040 18051 18096 18097 18107 18130 18136 18178 18179 18204 18236 18258 18278 18283 18313 18325 18336 18379 18394 18395 18412 18418 18447 18474 18493 18536 18559 18613 
	}
	manpower=100000
	state_category=large_town
	history = {
		owner = NUA
	}
	buildings_max_level_factor=1.000
}
