state={
	id=177
	name="STATE_177"
	provinces={
		49 635 1223 1473 1728 2481 3241 4024 4230 5319 5624 5801 5818 6357 6405 6579 6940 7108 7431 8474 8736 8811 9209 9761 9843 10131 10263 10430 10603 17920 17928 17987 18056 18062 18126 18127 18150 18202 18219 18232 18282 18289 18340 18341 18342 18372 18409 18432 18486 18504 18523 18533 18552 18564 18589 18603 18625 18652 18663 18664 18689 18695 18743 18744 18803 18804 18832 18931 
	}
	manpower=100000
	state_category=large_town
	history = {
		owner = NUA
	}
	buildings_max_level_factor=1.000
}
