state={
	id=189
	name="STATE_189"
	provinces={
		182 281 720 883 1105 1195 1261 1517 1822 1851 2115 2162 2514 3921 3959 4319 4443 4456 4650 5726 6090 6431 6555 6564 6995 7521 7598 7877 8058 8186 8291 8378 8440 8472 8874 10097 18254 18310 18311 18338 18361 18369 18378 18405 18438 18479 18491 18497 18557 18571 18599 18611 18616 18624 18630 18654 18662 18684 18685 18730 18741 18742 18792 18810 18846 18855 18872 18890 18898 18912 18921 18968 18969 18970 19056 19064 
	}
	manpower=100000
	state_category=large_town
	history = {
		owner = NUA
	}
	buildings_max_level_factor=1.000
}
