state={
	id=193
	name="STATE_193"
	provinces={
		13 110 111 112 154 172 187 435 565 581 646 724 727 778 863 1073 1129 1144 1260 1601 1734 1789 1796 1880 1936 2034 2226 2341 2521 2535 2547 2635 2841 3024 3143 3147 3207 3301 3560 3723 3870 3971 4022 4089 4094 4155 4171 4221 4271 4535 4582 4729 4831 4919 4945 5119 5246 5387 5399 5643 5811 5854 6048 6391 6485 6506 6571 6642 6656 6679 6729 6742 6903 7001 7133 7324 7450 7474 7819 7822 7903 7906 8000 8325 8336 8447 8525 8565 9142 9347 9408 9503 9504 9549 9558 9566 9605 9830 9864 9924 10030 10108 10144 10227 10451 10587 10708 10802 10822 18352 18407 18453 18468 18514 18522 18527 18540 18575 18593 18637 18647 18667 18693 18694 18706 18721 18734 18755 18760 18790 18797 18809 18828 18835 18852 18853 18854 18859 18864 18865 18877 18884 18904 18910 18919 18925 18934 18956 18957 19018 19023 19036 19037 19062 19088 19094 19151 19180 19184 19197 19198 19208 19213 19218 19230 19231 19237 19246 19247 19248 19253 19258 19259 19265 19270 19271 19275 19276 19286 19287 19309 19314 19315 19344 19349 19357 19363 19371 19375 19395 19398 19399 19400 19419 19431 19444 19452 19459 19474 19475 19476 19488 19497 19536 19549 19550 19556 19563 19599 19662 19681 19682 19714 
	}
	manpower=100000
	state_category=large_town
	history = {
		owner = NUA
	}
	buildings_max_level_factor=1.000
}
