state={
	id=199
	name="STATE_199"
	provinces={
		511 1424 1758 1794 1811 1861 1940 2794 2946 3545 5310 5630 5724 5856 6253 6775 6850 6911 6933 7680 7777 8132 8550 8837 9214 9245 9280 9461 9686 10135 10159 10424 10669 10685 10778 18503 18530 18572 18582 18594 18618 18631 18632 18686 18698 18709 18710 18738 18768 18769 18798 18811 18847 18848 18849 18857 18873 18892 18900 18905 18958 18959 18997 19005 19010 19011 19012 
	}
	manpower=100000
	state_category=large_town
	buildings_max_level_factor=1.000
}
