state={
	id=215
	name="STATE_215"
	provinces={
		189 1145 1181 1227 1241 1310 1421 1467 1890 2588 2876 3512 3556 3628 3682 3758 4179 4334 4776 4946 5115 5284 5513 5577 5849 6042 6092 6130 6169 6181 6452 6699 6883 7363 7369 7637 7672 7747 8007 8282 8513 9085 9147 9414 9632 9692 9735 9807 10155 10169 10170 10625 10807 10854 19095 19183 19195 19214 19223 19273 19304 19311 19358 19365 19423 19439 19490 19491 19492 19501 19540 19595 19609 19649 19656 19670 19677 19733 19764 19787 19793 19840 19850 19873 19883 19941 19964 19982 19990 19991 19994 20020 20031 20048 20081 20093 20094 20110 20134 20135 
	}
	manpower=100000
	state_category=large_town
	buildings_max_level_factor=1.000
}
