state={
	id=217
	name="STATE_217"
	provinces={
		190 438 498 622 1571 1797 2020 2064 2276 2421 2616 2656 2670 2766 2861 3124 3532 3624 3768 3803 3967 4450 4556 4958 5357 5466 5476 5783 5831 5936 6126 6288 6803 7307 7640 8391 8695 8699 9192 9317 9329 9377 9569 9603 9666 9669 9720 9730 9925 10093 10311 10405 19108 19115 19170 19182 19255 19317 19341 19372 19401 19406 19414 19421 19422 19465 19466 19470 19505 19522 19523 19552 19562 19567 19582 19594 19602 19608 19613 19614 19637 19647 19648 19654 19655 19664 19695 19711 19726 19754 19761 19762 19763 19774 19792 19811 19816 19817 19849 19872 19887 19921 
	}
	manpower=100000
	state_category=large_town
	history = {
		owner = NUA
	}
	buildings_max_level_factor=1.000
}
