state={
	id=227
	name="STATE_227"
	provinces={
		45 47 1457 1736 1833 2093 2378 2520 2735 2832 3109 3290 4981 5144 5200 5508 5648 5839 6038 6284 6292 6573 6936 7464 7708 7882 8187 8208 8374 8392 8434 8693 8749 9123 9301 9368 9541 9585 9634 9794 9884 10341 10374 10618 10687 10736 19683 19692 19738 19739 19741 19794 19795 19803 19807 19852 19853 19860 19868 19898 19906 19922 19923 19975 19995 20002 20032 20061 20066 20095 20096 20106 20124 20125 20162 20172 20178 20195 20196 20214 20225 20240 20278 20304 20332 20345 20386 20391 20396 20424 20438 20443 20444 20458 20500 20506 20521 20560 20604 
	}
	manpower=100000
	state_category=large_town
	buildings_max_level_factor=1.000
}
