state={
	id=230
	name="STATE_230"
	provinces={
		224 375 1507 1749 1850 2088 2425 2436 3015 3190 3359 3387 3753 3957 4100 4236 4264 4588 4738 4907 4977 5039 5343 5464 5687 5725 5751 5845 6081 6171 6233 6256 6701 6919 7402 7845 7879 8223 8627 8650 8845 8875 8889 9559 9781 10081 10445 19818 19834 19835 19836 19878 19888 19889 19890 19935 19949 19950 19987 20003 20004 20012 20040 20041 20056 20067 20074 20075 20082 20086 20097 20119 20126 20136 20137 20138 20139 20146 20157 20179 20180 20190 20201 20208 20215 20216 20217 20223 20230 20234 20241 20252 20257 20258 20264 20265 20266 20272 20279 20285 20289 20298 20318 20333 20338 20339 20346 20350 20383 20387 20392 20439 20445 
	}
	manpower=100000
	state_category=large_town
	buildings_max_level_factor=1.000
}
