state={
	id=239
	name="STATE_239"
	provinces={
		71 411 460 923 1446 1641 2227 2426 3821 3918 3947 4046 4145 4427 4574 4749 4763 5438 5786 6559 8196 8532 8685 8750 8819 9473 9515 10104 20222 20239 20303 20311 20344 20368 20401 20403 20457 20464 20505 20530 20547 20576 20601 20615 20641 20649 20682 20694 20700 20710 20737 20746 20750 20760 20761 20807 20811 20816 20821 20867 20871 20877 20884 20909 20910 20939 20956 20972 20973 21110 21128 
	}
	manpower=100000
	state_category=large_town
	history = {
		owner = NUA
	}
	buildings_max_level_factor=1.000
}
