state={
	id=244
	name="STATE_244"
	provinces={
		301 415 767 799 818 1025 1051 1351 1836 2049 2251 2367 2507 2586 2795 3306 3360 3450 3469 3629 4261 4284 4468 5372 5621 5865 6303 6353 6708 7011 7023 7503 7604 7840 8185 8418 8694 8931 9264 9417 9568 9728 9835 10540 10579 20297 20314 20329 20352 20353 20370 20371 20385 20398 20414 20422 20423 20449 20476 20479 20489 20490 20498 20527 20543 20544 20588 20591 20598 20603 20645 20646 20664 20675 20705 20713 20714 20719 20736 20765 20766 20774 20783 20804 20813 20837 20860 20874 20917 20925 20938 20962 20990 21001 21011 21012 21039 21049 21096 
	}
	manpower=100000
	state_category=large_town
	buildings_max_level_factor=1.000
}
