state={
	id=251
	name="STATE_251"
	provinces={
		40 432 766 780 935 1104 1179 1252 1407 1918 1972 1988 2687 2916 3102 3286 3581 3617 3737 3761 3777 3942 4228 4241 4618 5626 7553 7740 8221 8337 8409 8453 8460 8481 8757 9010 9483 9638 9858 9997 10061 10211 10455 10509 10793 20883 20991 20992 21017 21023 21028 21040 21050 21057 21085 21090 21106 21127 21143 21163 21176 21199 21205 21210 21217 21230 21253 21259 21273 21292 21322 21326 21340 21354 21380 21384 21411 21422 21423 21468 21564 21593 21598 21599 21604 21654 21671 21672 21683 21737 21751 21765 
	}
	manpower=100000
	state_category=large_town
	history = {
		owner = NUA
	}
	buildings_max_level_factor=1.000
}
