state={
	id=253
	name="STATE_253"
	provinces={
		294 529 691 917 1112 1180 1551 1585 1648 1685 2112 2189 2305 2460 3080 3099 3183 3939 3976 4060 4404 4485 4521 4639 4653 4668 4936 5529 5633 5808 5829 6144 6309 6360 6366 6798 6867 6977 7010 7143 7207 7468 7480 7894 8121 8165 8594 9124 9128 9374 9446 9544 9624 9850 9871 10027 10032 10219 10399 10703 21010 21036 21043 21047 21065 21075 21081 21088 21097 21102 21111 21120 21129 21135 21136 21139 21140 21156 21157 21169 21186 21187 21192 21202 21203 21213 21220 21234 21244 21252 21262 21270 21271 21281 21282 21297 21309 21328 21334 21335 21336 21344 21348 21361 21367 21375 21389 21390 21394 21395 21404 21414 21452 21457 21471 21492 21502 21514 21515 21522 21529 21566 21575 
	}
	manpower=100000
	state_category=large_town
	buildings_max_level_factor=1.000
}
