state={
	id=254
	name="STATE_254"
	provinces={
		65 270 544 858 912 922 1061 1240 1478 1989 2205 2386 2820 3573 3810 4425 4437 5227 5376 5628 5817 6640 6921 7077 7509 7739 7925 8149 8174 8205 8251 8653 8846 9519 10253 10798 10912 21070 21084 21105 21114 21138 21147 21162 21174 21175 21204 21216 21239 21249 21277 21278 21284 21304 21313 21346 21358 21364 21373 21399 21418 21440 21441 21454 21467 21481 21509 21510 21541 21542 21592 21603 21651 21652 21659 21749 21758 21789 21807 21808 21874 21884 
	}
	manpower=100000
	state_category=large_town
	buildings_max_level_factor=1.000
}
