
state={
	id=26
	name="STATE_26"
	provinces={
		33 115 142 239 284 311 343 666 895 1083 1116 1289 1611 1655 1677 1679 1881 2059 2132 2356 2409 2683 2684 2836 2917 3052 3130 3239 3266 3345 3379 3422 3445 3588 3632 3937 3956 3958 3964 4392 4744 4824 4929 5052 5102 5185 5454 5565 5696 5739 5752 5877 6035 6159 6279 6367 6692 6750 6958 7021 7033 7153 7181 7277 7319 7911 8042 8126 8131 8200 8355 8360 8518 8929 9143 9565 9587 9681 10040 10596 10735 10745 10779 11424 11464 11474 11519 11542 11575 11635 11661 11674 11683 11711 11761 11771 11795 11805 11840 11859 11870 11889 11947 11948 11966 11967 11968 11997 12011 12188 12209 12210 12285 12309 12370 12371 12422 12435 12454 12455 12480 12481 12499 12520 12559 12577 12578 12579 12580 12601 12608 12622 12675 12693 12699 12764 12772 12773 12774 12786 12814 12837 12838 12839 12840 12875 12897 12898 12937 12946 12963 12970 12975 12976 12989 12990 12991 12992 13021 13022 13028 13044 13045 13062 13063 13073 13122 13129 13138 13144 13180 13189 13213 13244 13248 13301 
	}
	manpower=100000
	buildings_max_level_factor=1.000
	state_category=large_town
	history = {
		owner = NUA
	}
}
