state={
	id=261
	name="STATE_261"
	provinces={
		510 571 775 1724 2303 2391 2479 2529 3133 3580 3671 3731 3765 4965 5166 5270 5703 5784 6466 6688 7479 7849 8624 8790 8833 9556 9928 10110 10419 10479 10616 21421 21466 21479 21484 21520 21538 21546 21571 21588 21615 21682 21690 21768 21918 21919 21970 21978 21985 22023 22085 22086 22171 22209 22296 22315 22351 22358 22431 22452 22459 22474 22489 22536 22582 22583 22608 
	}
	manpower=100000
	state_category=large_town
	history = {
		owner = NUA
	}
	buildings_max_level_factor=1.000
}
