state={
	id=268
	name="STATE_268"
	provinces={
		93 206 568 898 1100 1334 1659 1945 1957 1958 1986 2041 2144 2154 2259 2278 2369 2454 2579 2856 3053 3292 3297 3900 4209 4256 4396 4587 4612 5050 5066 5261 5469 5595 5711 5827 6095 6218 6343 6467 6474 7124 7316 7412 7942 8154 8230 8415 8559 8808 8809 8984 9365 9493 10234 10437 10676 21477 21496 21497 21519 21524 21544 21545 21570 21587 21602 21614 21620 21668 21669 21680 21704 21714 21715 21744 21745 21746 21757 21786 21787 21788 21804 21805 21832 21844 21853 21854 21860 21871 21880 21891 21936 21944 21976 21977 22003 22044 22063 22072 22076 22077 22083 22094 22115 22125 22138 22153 22187 22195 22196 22241 22242 22265 
	}
	manpower=100000
	state_category=large_town
	history = {
		owner = NUA
	}
	buildings_max_level_factor=1.000
}
