state={
	id=270
	name="STATE_270"
	provinces={
		283 331 648 1135 1254 1615 2432 2556 3328 3475 4028 4077 4561 5017 5208 5334 5448 5658 5701 5943 6967 7180 7414 7447 7498 7864 9034 9151 10132 10200 10450 10883 21606 21662 21663 21738 21739 21760 21761 21790 21810 21811 21812 21820 21841 21851 21865 21887 21888 21894 21895 21940 21941 22020 22056 22057 22074 22079 22091 22106 22118 22140 22141 22151 22157 22181 22182 22183 22192 22231 22247 22248 22267 
	}
	manpower=100000
	state_category=large_town
	history = {
		owner = NUA
	}
	buildings_max_level_factor=1.000
}
