state={
	id=276
	name="STATE_276"
	provinces={
		286 353 399 625 970 1066 1305 1328 1418 2235 2614 2888 3163 3364 3567 3568 3586 3642 3676 3934 4282 4950 4990 5037 5437 5456 5542 5645 5665 6242 6499 6805 6849 7211 7376 7399 7580 8228 8486 8710 9447 9887 9982 10167 10506 21858 21875 21932 21933 21939 21990 21999 22019 22025 22043 22055 22067 22087 22090 22105 22128 22129 22133 22158 22159 22164 22165 22191 22213 22219 22226 22229 22230 22236 22266 22273 22278 22279 22283 22284 22289 22302 22309 22316 22326 22328 22332 22365 22366 22373 22391 22441 22442 22446 22467 
	}
	manpower=100000
	state_category=large_town
	history = {
		owner = NUA
	}
	buildings_max_level_factor=1.000
}
