state={
	id=280
	name="STATE_280"
	provinces={
		223 335 481 607 1059 1860 1970 2113 2554 2802 3113 4115 4840 5560 5871 7329 7615 7910 8153 8656 8858 8994 9158 9350 9378 9721 10411 21911 21946 21971 22015 22022 22060 22061 22070 22098 22121 22134 22177 22202 22210 22215 22223 22233 22234 22254 22285 22292 22335 22395 22435 22516 22542 22574 22590 22630 22677 22681 22711 22723 22768 22829 22861 22884 22909 
	}
	manpower=100000
	state_category=large_town
	history = {
		owner = NUA
	}
	buildings_max_level_factor=1.000
}
