state={
	id=283
	name="STATE_283"
	provinces={
		313 426 517 575 779 1171 1375 1993 2046 2518 2584 2698 2703 3235 3425 3513 3541 3950 4270 4351 4355 5211 5683 5888 6378 6934 7052 7345 7457 7459 7620 7621 8155 8222 8252 8368 8467 8841 8906 9273 9406 9810 10113 10249 10497 10584 10591 10831 10837 22114 22168 22201 22214 22222 22270 22275 22282 22310 22320 22321 22327 22340 22346 22370 22375 22378 22382 22394 22402 22414 22429 22454 22465 22472 22481 22488 22490 22515 22527 22531 22541 22557 22564 22572 22573 22587 22598 22603 22616 22629 22635 22648 22668 22676 
	}
	manpower=100000
	state_category=large_town
	history = {
		owner = NUA
	}
	buildings_max_level_factor=1.000
}
