state={
	id=285
	name="STATE_285"
	provinces={
		17 357 632 1684 2468 3288 3522 3558 3782 3981 4135 4397 5019 5274 5305 5442 5604 5667 5670 6008 6077 6135 6155 7132 7439 7538 7552 7601 7658 9286 10024 10043 10184 10334 10339 10375 10481 10884 22152 22176 22184 22185 22193 22206 22227 22228 22232 22238 22249 22268 22269 22274 22280 22281 22299 22317 22318 22329 22344 22353 22360 22368 22374 22392 22393 22412 22443 22444 22469 22470 22512 22513 22518 22540 22562 
	}
	manpower=100000
	state_category=large_town
	buildings_max_level_factor=1.000
}
