state={
	id=286
	name="STATE_286"
	provinces={
		72 545 567 885 1891 3141 3193 3380 3691 3717 3794 4766 5054 5184 5714 5875 6098 6517 6696 6927 7269 7501 7562 7587 7809 7995 8348 8728 9358 9379 9396 10177 10218 10677 22147 22175 22218 22235 22252 22260 22261 22288 22297 22301 22308 22324 22325 22331 22339 22352 22359 22364 22377 22386 22387 22390 22399 22400 22401 22410 22420 22421 22422 22428 22438 22439 22453 22461 22462 22475 22476 22494 22509 22524 22546 22559 22566 22579 22580 22593 22620 22625 22626 22655 
	}
	manpower=100000
	state_category=large_town
	history = {
		owner = NUA
	}
	buildings_max_level_factor=1.000
}
