state={
	id=289
	name="STATE_289"
	provinces={
		147 155 266 847 991 1103 1389 1580 1602 2136 2850 3538 4082 4087 4246 4563 4750 4983 5147 5497 5543 5678 6563 7371 7438 7555 8128 8508 8947 9863 10117 10128 10383 10469 10530 10652 22237 22258 22298 22306 22333 22334 22343 22367 22380 22411 22433 22434 22458 22464 22468 22478 22479 22510 22511 22526 22530 22561 22568 22581 22594 22595 22611 22643 22645 22650 22656 22660 22685 22686 22687 22695 22726 22727 22733 22744 22745 22792 22838 
	}
	manpower=100000
	state_category=large_town
	buildings_max_level_factor=1.000
}
