state={
	id=293
	name="STATE_293"
	provinces={
		185 342 355 372 384 516 867 977 1128 1284 1384 1526 2004 2108 2538 2561 2631 2823 2831 3000 3570 3571 3795 3925 4216 4268 4314 4483 4576 4664 4947 5591 5610 6210 6653 6714 7048 7121 7192 7219 7246 7284 7410 7508 7631 8572 8745 8916 9015 9462 9604 10192 10209 10725 10787 22424 22425 22471 22480 22498 22507 22514 22549 22563 22571 22586 22589 22602 22615 22622 22644 22647 22657 22658 22659 22675 22679 22680 22696 22697 22701 22720 22735 22741 22752 22755 22767 22777 22786 22812 22816 22823 22834 22840 22855 22859 22866 22870 22889 22900 22907 22933 22942 22945 22960 22961 23020 23026 
	}
	manpower=100000
	state_category=large_town
	history = {
		owner = NUA
	}
	buildings_max_level_factor=1.000
}
