state={
	id=3
	name="STATE_3"
	provinces={
		219 577 642 705 913 944 1149 1339 1432 1815 1819 1845 1898 2001 2085 2301 2640 2669 2699 2889 3074 3082 3267 3457 3467 3515 3615 3859 3877 3962 4409 5108 5495 6108 6509 6884 6969 7195 7220 7348 7595 7716 7997 8038 8040 8083 8240 8507 8536 8607 9144 9337 9412 9510 9590 9670 9671 9695 9815 9821 10214 10332 10563 10721 10952 10957 10958 10965 10968 10971 10973 10989 10995 11001 11017 11028 11029 11030 11040 11046 11047 11053 11059 11064 11073 11078 11079 11095 11096 11097 11100 11101 11102 11109 11112 11113 11122 11123 11133 11134 11135 11138 11143 11144 11149 11150 11161 11179 11180 11181 11195 11196 11200 11205 11206 11207 11218 11221 11229 11238 11244 11258 11259 11260 11261 11266 11278 11279 11288 11302 11310 11311 11319 11320 11327 11328 11342 11357 11358 11359 11388 11394 11395 11396 11410 11411 11416 11417 11418 11430 11438 11439 11448 11449 11456 11479 11480 11506 11507 11508 11530 11531 11564 
	}
	manpower=100000
	state_category=large_town
	buildings_max_level_factor=1.000
}
