
state={
	id=32
	name="STATE_32"
	provinces={
		18 95 183 234 332 359 396 419 478 550 939 1000 1184 1255 1283 1606 1626 1660 1813 2094 2184 2236 2253 2414 2466 2748 2881 2953 3001 3028 3084 3164 3446 3471 3491 3595 3654 3857 3871 3913 3969 4139 4611 4636 4885 4949 5110 5129 5140 5212 5254 5541 5586 5863 5914 6005 6079 6255 6275 6888 7106 7135 7224 7233 7426 7697 7776 8082 8104 8212 8293 8308 8425 8473 8577 8825 8974 9019 9137 9651 9980 10228 10408 10571 10679 11886 11985 12022 12106 12248 12249 12321 12340 12444 12543 12627 12636 12673 12674 12721 12722 12745 12820 12851 12886 12952 12973 12983 13012 13017 13018 13055 13072 13077 13089 13111 13147 13174 13186 13193 13218 13306 13348 13361 13371 13374 13375 13398 13402 13480 13506 13515 13516 13528 13534 13545 13550 13559 13595 13608 13622 13628 13636 13647 13697 13729 13735 13781 13804 13816 
	}
	manpower=100000
	state_category=large_town
	history = {
		owner = NUA
	}
	buildings_max_level_factor=1.000
}
