state={
	id=33
	name="STATE_33"
	provinces={
		327 457 760 997 1081 1092 1133 1358 1688 2077 2336 3106 3386 3553 3621 3640 3864 4473 4790 4796 4906 5262 5318 5408 5951 6019 6143 6315 6493 7061 7344 7452 7577 7607 7745 7783 7975 8347 8715 9058 9494 9512 9991 10088 10222 10340 10792 10887 11879 11973 12214 12223 12260 12316 12317 12380 12417 12418 12476 12515 12526 12527 12598 12616 12617 12618 12637 12647 12661 12683 12727 12747 12756 12768 12769 12781 12782 12808 12809 12829 12857 12858 12873 12874 12904 12916 12926 12944 12945 13008 13013 13019 13020 13056 13058 13081 13091 13113 13128 13135 13178 13195 13232 
	}
	manpower=100000
	state_category=large_town
	buildings_max_level_factor=1.000
}
