state={
	id=335
	name="STATE_335"
	provinces={
		77 106 463 473 661 812 897 1330 1368 1386 1459 1475 1566 1707 1870 1973 1996 2082 2178 2203 2274 2323 2419 2696 2729 2817 2872 2903 3048 3199 3650 3799 3888 4035 4080 4147 4328 4549 4872 5384 5465 5507 5776 6332 6341 6507 6553 6643 6709 7012 7060 7551 7667 7712 7790 8017 8120 8133 8633 8758 9050 9314 9606 9732 9836 9934 9946 9971 9990 10041 10388 10903 11636 11737 11762 11772 11786 11860 11861 11871 11872 11890 11900 11921 11922 11933 11934 11957 11976 11989 11998 12038 12039 12049 12063 12079 12080 12099 12128 12152 12189 12241 12286 12297 12334 12385 12407 12437 12438 12467 12468 12469 12507 12549 12569 12610 12631 12652 12666 12684 12715 12749 12750 12779 12787 12824 12825 12855 12863 12877 12893 12965 13024 13034 13071 13074 13131 13284 13366 13367 13431 13531 
	}
	manpower=100000
	state_category=large_town
	buildings_max_level_factor=1.000
}
