
state={
	id=338
	name="STATE_338"
	provinces={
		156 741 772 794 815 887 1117 1153 1216 1233 1257 1416 1640 1687 1722 1809 1919 2087 2109 2807 2985 3154 3171 3344 3481 3484 3492 3880 4410 4646 4667 4740 4787 4789 4912 5196 5286 5298 5311 5661 5754 5996 6100 6178 6285 6478 6910 6976 7163 7302 8054 8101 8175 8250 8357 8451 8601 8671 8914 9004 9006 9041 9057 9435 9705 9744 9798 10005 10336 10716 10864 11375 11427 11491 11522 11523 11524 11563 11570 11605 11606 11607 11616 11632 11647 11654 11686 11700 11721 11722 11739 11747 11774 11778 11789 11815 11816 11826 11841 11884 11892 11914 11915 11923 11959 11960 11970 11971 11990 12013 12031 12064 12065 12081 12101 12102 12110 12141 12153 12163 12176 12177 12178 12179 12190 12217 12230 12231 12254 12255 12263 12274 12287 12299 12300 12311 12348 12349 12361 12362 12363 12373 12399 12410 12482 12491 12501 12510 12536 12537 12571 12602 12667 12687 12716 12730 12766 12826 12846 
	}
	manpower=0
	buildings_max_level_factor=1.000
}
