state={
	id=339
	name="STATE_339"
	provinces={
		81 94 164 352 412 910 1035 1039 1042 1198 1335 1543 1766 1857 1877 1894 2066 2083 2331 2363 2562 2565 2775 2846 3025 3034 3047 3352 3860 3968 4234 4276 4649 4910 5055 5106 5431 5646 5882 6329 6369 6982 7185 7252 7372 7520 7866 7984 8102 8189 8646 9046 9206 9299 9335 9336 9381 9404 10322 10397 10422 10583 10667 10902 11942 11972 11983 11984 11994 12020 12061 12069 12084 12105 12123 12147 12169 12194 12220 12221 12225 12247 12268 12291 12292 12329 12330 12355 12356 12366 12367 12392 12393 12427 12443 12450 12475 12496 12513 12514 12565 12585 12614 12672 12696 12697 12710 12733 12767 12791 12792 12805 12848 12880 12881 12889 12911 12924 12925 12932 12942 12994 12995 13052 13057 13109 13164 13170 13210 13211 13288 
	}
	manpower=100000
	state_category=large_town
	history = {
		owner = NUA
	}
	buildings_max_level_factor=1.000
}
