
state={
	id=340
	name="STATE_340"
	provinces={
		128 276 418 461 487 559 586 616 916 1091 1101 1259 1323 1327 1553 1665 1931 2025 2198 2240 2262 2288 2325 2344 2384 2884 2919 3125 3279 3489 3528 3610 3882 4018 4482 4660 4666 4679 4909 4942 5040 5092 5178 5336 5353 5796 5807 6505 6707 6753 6891 7009 7205 7262 7287 7383 7496 7504 7506 7599 7677 7684 8194 8511 8760 8924 8956 9030 10682 10839 11806 11881 11882 11913 11977 11978 12012 12040 12041 12109 12129 12216 12229 12242 12262 12298 12318 12325 12326 12327 12347 12372 12398 12409 12429 12439 12456 12489 12490 12508 12509 12535 12550 12551 12560 12570 12632 12653 12654 12677 12685 12686 12700 12706 12758 12765 12832 12845 12864 12865 12882 12918 12919 12920 12929 12938 12947 12959 12984 12985 13025 13046 13065 13093 13099 13149 13197 13270 13276 13325 
	}
	manpower=100000
	state_category=large_town
	history = {
		owner = NUA
	}
	buildings_max_level_factor=1.000
}
