state={
	id=341
	name="STATE_341"
	provinces={
		627 1357 1471 1545 1579 1827 1840 2084 2185 2324 2659 2678 2763 2929 2952 3065 3187 3278 3616 3678 3683 3754 3789 3945 4350 4447 4822 5035 5053 5094 5157 5564 5803 5966 6030 6032 6150 6321 6400 6445 6651 6783 6790 6810 6889 6898 7378 7384 7456 7535 7666 7957 8151 8462 8619 8853 9012 9204 9366 9430 9933 10237 10333 12115 12205 12222 12293 12320 12339 12378 12403 12463 12542 12555 12586 12597 12615 12646 12681 12689 12690 12711 12734 12755 12793 12806 12819 12849 12850 12870 12903 12933 12951 12957 12961 12972 12980 12981 12982 13011 13039 13053 13054 13069 13076 13080 13086 13087 13088 13100 13110 13132 13133 13142 13156 13171 13172 13173 13199 13200 13201 13212 13217 13231 13262 13263 13273 
	}
	manpower=100000
	state_category=large_town
	buildings_max_level_factor=1.000
}
