
state={
	id=343
	name="STATE_343"

	history={
		owner = NUA

	}

	provinces={
		48 173 229 347 369 422 456 497 674 759 802 877 888 911 998 1018 1022 1087 1093 1158 1208 1210 1318 1355 1403 1412 1538 1574 1675 1710 1739 1778 1906 2007 2029 2252 2263 2309 2389 2575 2587 2601 2667 2781 2800 2921 2970 3042 3244 3249 3285 3316 3368 3376 3397 3421 3474 3552 3563 3579 3680 3726 3901 3906 3915 3926 4043 4050 4205 4232 4279 4311 4445 4492 4498 4547 4595 4603 4663 4690 4754 4770 4782 4814 4846 4875 4891 4898 4943 4963 4964 5012 5029 5104 5203 5216 5249 5379 5391 5572 5603 5780 5941 5967 5989 6060 6123 6361 6368 6428 6437 6605 6614 6712 6767 6801 6821 6825 6924 6956 7084 7142 7257 7321 7425 7540 7550 7591 7600 7648 7793 7907 7945 8013 8190 8224 8260 8271 8523 8635 8776 8792 8802 8827 8857 8878 8907 9024 9043 9093 9097 9116 9140 9225 9281 9422 9455 9546 9555 9625 9676 9724 9737 9758 9767 9778 9903 9916 10036 10069 10092 10180 10265 10284 10310 10315 10376 10404 10480 10519 10523 10718 10843 10904 12778 12815 12816 12831 12854 12862 12876 12892 12899 12907 12964 12971 13009 13014 13023 13064 13079 13082 13116 13123 13124 13130 13139 13140 13145 13167 13181 13182 13183 13190 13191 13192 13196 13202 13228 13245 13249 13250 13251 13252 13253 13259 13260 13266 13267 13268 13269 13297 13302 13309 13310 13311 13318 13324 13339 13352 13364 13365 13372 13373 13379 13388 13393 13394 13405 13407 13422 13436 13444 13445 13446 13454 13461 13473 13497 13498 13499 13507 13510 13519 13520 13530 13554 13555 13573 13574 13581 13582 13587 13596 13605 13610 13615 13616 13630 13631 13638 13649 13658 13659 13664 13675 13683 13684 13685 13699 13719 13731 13744 13749 13755 13756 13790 13807 13808 13818 13826 13829 13843 13844 13845 13857 13866 13871 13876 13877 13885 13886 13895 13896 13903 13908 13915 13940 13947 13948 13958 13964 13968 13969 13977 13986 13987 14029 14030 14031 14038 14051 14058 14059 14108 14114 14129 14136 14140 14148 14179 14192 14197 14203 14219 14237 14244 14245 14252 14257 14263 14264 14265 14309 14320 14327 14349 14350 14402 14425 14429 14430 14448 14556 14648 
	}
	manpower=100000
	buildings_max_level_factor=1.000
	state_category=large_town
}
