
state={
	id=348
	name="STATE_348"
	provinces={
		126 243 295 346 541 566 870 965 1031 1193 1367 1508 1627 1726 2078 2164 2337 2359 2530 2816 3003 3064 3170 3177 3442 3561 3748 4128 4406 4418 4534 4579 4585 4893 5869 5993 6101 6141 6172 7497 7579 7713 8141 8390 8443 8521 8896 9146 9164 9182 9402 9520 9532 9664 9885 9948 9970 10006 10409 10457 10545 10845 13432 13493 13556 13560 13565 13566 13567 13606 13623 13639 13640 13660 13665 13676 13686 13700 13701 13707 13708 13720 13721 13732 13745 13746 13750 13757 13782 13783 13791 13797 13798 13799 13820 13821 13830 13838 13839 13846 13873 13898 13926 13950 13970 13971 13988 13993 14003 14012 14022 14044 14062 14071 14109 14160 14180 14230 
	}
	manpower=0
	buildings_max_level_factor=1.000
}
