state={
	id=35
	name="STATE_35"
	provinces={
		124 167 309 601 755 827 829 931 1032 1399 1746 1876 2037 2127 2171 2297 2526 2750 2915 2956 2993 3262 3335 3423 3886 3932 3949 4176 4189 4242 4340 4411 4944 5269 5434 5445 5581 5617 5804 5886 6236 6316 6377 6738 7080 7357 7641 7789 7972 8309 8433 8466 8479 8614 8668 8799 9028 9454 9921 9958 10007 10141 10186 10223 10354 10494 10547 11898 11945 11964 11988 11996 12009 12074 12075 12076 12077 12086 12087 12119 12150 12161 12162 12187 12199 12224 12281 12282 12323 12344 12345 12346 12358 12384 12434 12452 12466 12479 12519 12532 12557 12600 12620 12642 12663 12692 12712 12713 12736 12737 12748 12770 12785 12811 12812 12822 12823 12853 12906 12917 12936 12953 12969 12988 13004 13033 13060 13061 13115 13137 
	}
	manpower=100000
	state_category=large_town
	history = {
		owner = NUA
	}
	buildings_max_level_factor=1.000
}
