
state={
	id=351
	name="STATE_351"

	history={
		owner = NUA

	}

	provinces={
		37 315 326 513 1899 2071 2182 2206 2412 2964 3058 3151 3395 4194 4199 4286 4793 5416 5930 6131 6175 6290 6492 6687 6778 7309 7385 8148 8204 8306 8311 8573 8903 9538 10232 10288 10589 14286 14351 14367 14383 14404 14416 14438 14466 14473 14479 14508 14514 14543 14550 14587 14588 14609 14614 14650 14651 14700 14714 14715 14740 14769 14775 14808 14825 14833 14861 14876 14883 14904 14924 14937 14956 14965 14981 14993 15001 15006 15015 15054 15076 15089 15116 15143 15152 15153 15166 15167 15168 15191 15205 15219 15220 15229 15244 15258 15259 15292 
	}
	manpower=100000
	buildings_max_level_factor=1.000
	state_category=large_town
}
