
state={
	id=352
	name="STATE_352"
	provinces={
		85 100 118 370 401 427 434 476 547 599 643 678 811 1021 1096 1262 1455 1505 1587 1589 1666 1740 1965 2039 2120 2131 2214 2286 2296 2347 2392 2393 2402 2437 2441 2806 2851 2923 2930 2937 2998 3410 3455 3494 3562 3764 3800 3869 4010 4102 4212 4245 4254 4287 4289 4373 4414 4628 4678 4712 4853 5111 5257 5322 5395 5413 5417 5535 5778 5862 5878 5912 6025 6045 6049 6084 6137 6173 6349 6432 6591 6636 6685 6890 6972 7017 7119 7188 7332 7355 7400 7413 7449 7491 7554 7613 7634 7656 7682 7854 7856 7963 8018 8044 8100 8137 8371 8372 8444 8445 8463 8494 8516 8708 8801 8966 9038 9074 9197 9258 9279 9339 9385 9437 9562 9594 9667 9918 9947 10010 10250 10262 10320 10438 10559 10648 10888 15038 15067 15082 15095 15133 15134 15165 15178 15228 15251 15252 15297 15298 15302 15308 15338 15350 15360 15369 15408 15423 15435 15463 15509 15510 15523 15529 15536 15537 15538 15605 15615 15634 15643 15644 15665 15673 15674 15684 15698 15699 15711 15712 15723 15732 15745 15761 15771 15772 15782 15789 15794 15800 15811 15812 15833 15834 15841 15842 15853 15870 15879 15896 15897 15898 15899 15914 15941 15942 15943 15960 15978 16004 16005 16006 16025 16035 16042 16049 16072 16076 16092 16107 16115 16122 16123 16124 16140 16149 16150 16160 16173 16174 16183 16206 16207 16214 16219 16256 16257 16281 16285 16286 16297 16325 16350 16375 16376 16377 16378 16379 16395 16404 16412 16431 16443 16472 16490 16498 16533 16547 16557 16579 16580 16595 16596 16646 16679 16691 16692 16700 16734 16786 
	}
	manpower=100000
	state_category=large_town
	history = {
		owner = NUA
	}
	buildings_max_level_factor=1.000
}
