
state={
	id=353
	name="STATE_353"
	provinces={
		21 63 303 564 694 786 1102 1599 1620 1671 1682 2137 2527 2567 2804 2848 3043 3062 3096 3221 3234 3334 3508 3690 3697 3733 4015 4081 4093 4623 4821 4863 5015 5084 5523 5553 5760 5889 6067 6176 6396 6676 6786 6852 7500 7557 7573 7762 8231 8232 8398 8734 9278 9521 9711 10050 10157 10215 10270 13878 13920 13927 13972 13973 13994 14040 14045 14046 14063 14064 14116 14117 14118 14119 14124 14138 14150 14171 14181 14182 14183 14198 14206 14207 14221 14241 14258 14311 14330 14352 14368 14405 14427 14486 14487 14496 14502 14551 14589 14601 14684 14689 14690 14701 14751 14752 14800 14809 14815 14834 14857 14867 14884 14885 14893 14957 14966 15077 19591 
	}
	manpower=0
	buildings_max_level_factor=1.000
}
