
state={
	id=354
	name="STATE_354"
	provinces={
		56 388 417 442 640 749 785 966 1138 1244 1491 1823 1909 1997 2038 2160 2351 2373 2796 2878 2990 3166 3338 3390 3468 3482 3550 3804 3955 3993 4021 4079 4114 4153 4154 4479 4849 4874 4988 5027 5164 5236 5272 5562 5567 5614 5705 5710 5740 5769 5771 5903 5957 6023 6250 6513 6711 6856 6869 6873 7032 7093 7141 7638 7701 7782 7889 7990 8046 8265 8321 8323 8497 8499 8724 8895 8926 8954 9008 9077 9132 9307 9475 9513 9539 9557 9709 9713 9769 9893 10051 10653 10842 10870 15323 15331 15332 15358 15370 15386 15409 15458 15474 15484 15530 15539 15548 15549 15570 15581 15582 15616 15617 15622 15639 15654 15666 15667 15668 15685 15713 15714 15733 15738 15739 15746 15773 15790 15795 15804 15805 15813 15826 15843 15844 15871 15900 15903 15923 15961 15968 15969 15970 15979 15980 15990 16013 16029 16043 16044 16077 16093 16099 16100 16101 16116 16117 16141 16151 16152 16161 16169 16175 16176 16220 16221 16232 16233 16241 16261 16275 16287 16298 16299 16306 16307 16317 16343 16344 16345 16357 16366 16380 16381 16396 16422 16432 16436 16452 16453 16458 16473 16481 16500 16539 16548 16571 16598 16621 16625 16654 16702 
	}
	manpower=0
	buildings_max_level_factor=1.000
}
