
state={
	id=355
	name="STATE_355"
	provinces={
		238 262 379 685 1220 1226 1474 1701 1744 1937 2188 2192 2332 2542 2609 2873 2961 3198 3391 3456 3910 3998 4331 4469 4858 4884 5510 5629 5669 5718 5960 6028 6695 6830 7644 8059 8075 8152 8215 8257 8393 8421 8580 9000 9318 9407 9561 9660 9675 9822 10244 10364 10476 10642 10726 10824 15272 15290 15291 15309 15351 15352 15371 15393 15400 15410 15417 15459 15464 15475 15490 15511 15531 15540 15571 15574 15606 15623 15675 15688 15724 15747 15762 15783 15784 15796 15814 15854 15859 15865 15866 15884 15904 15915 15916 15930 15981 15995 16007 16045 16078 16125 16162 16190 16242 16243 16318 16326 16413 16423 16680 
	}
	manpower=0
	buildings_max_level_factor=1.000
}
