state={
	id=358
	name="STATE_358"
	provinces={
		67 220 378 1632 1674 1820 2119 2445 2784 3436 3447 3476 3816 4198 4299 4505 4562 4883 4904 4985 5065 5546 5944 5978 6280 6318 6340 6751 6912 6990 7268 8123 8503 8985 9239 9626 10459 10763 10803 14938 14949 15007 15016 15055 15090 15107 15155 15169 15170 15207 15221 15237 15260 15282 15293 15299 15310 15317 15318 15335 15346 15361 15366 15374 15381 15387 15394 15424 15436 15443 15451 15460 15465 15476 15499 15500 15506 15512 15513 15572 15585 15595 15618 15624 15625 15635 15636 15640 15646 15680 15686 15690 15705 15727 15748 15757 15764 15765 
	}
	manpower=100000
	state_category=large_town
	buildings_max_level_factor=1.000
}
