state={
	id=363
	name="STATE_363"
	provinces={
		107 198 319 389 806 849 891 906 1026 1250 1272 1319 1365 1452 1869 1886 1924 2036 2267 2295 2318 2597 2721 2743 2788 2814 2868 2980 3131 3208 3270 3271 3322 3462 3584 3587 3633 3639 3657 3705 3710 3760 3814 3837 3878 3889 3944 4174 4361 4522 4532 4575 4742 4794 4915 5046 5175 5230 5563 5634 5662 5749 5859 5918 6013 6057 6093 6148 6205 6274 6322 6344 6398 6425 6440 6448 6470 6550 6562 6594 6690 6730 6763 7089 7361 7390 7427 7455 7528 7679 7846 7870 7922 8055 8283 8349 8367 8491 8540 8552 8720 8755 8904 8920 9061 9255 9332 9535 9552 9589 9649 9700 9848 9859 9866 9908 9975 9979 10021 10033 10136 10171 10396 10401 10475 10689 10713 10722 10771 10906 15763 15801 15806 15827 15835 15836 15845 15846 15847 15860 15861 15889 15901 15906 15924 15931 15955 15963 15964 15984 15996 16020 16030 16058 16065 16074 16080 16102 16118 16126 16130 16142 16170 16171 16177 16178 16191 16234 16244 16245 16259 16260 16276 16288 16311 16337 16338 16339 16340 16358 16359 16382 16383 16398 16437 16445 16482 16491 16492 16511 16521 16550 16558 16582 16599 16609 16632 16633 16634 16649 16662 16672 16673 16682 16695 16703 16704 16754 16766 16788 16789 16796 16819 16834 16850 16859 16890 16901 16932 16955 16962 16963 16971 16999 17009 17038 17055 17056 17070 17111 17125 17131 17184 17194 17207 17213 17214 17228 17283 17284 17296 17327 17334 17348 17349 17350 17360 17370 17413 17422 17449 17481 
	}
	manpower=100000
	state_category=large_town
	buildings_max_level_factor=1.000
}
