state={
	id=364
	name="STATE_364"
	provinces={
		210 245 300 955 2403 2778 2948 3237 3296 3577 4192 4323 4326 4684 4899 5130 5380 5491 5657 5894 6006 6009 6043 6433 7217 7370 7630 8076 8441 9785 9823 10181 10636 15707 15750 15774 15775 15792 15802 15816 15822 15848 15908 15917 15945 15966 15972 15991 15998 16008 16015 16037 16059 16066 16082 16083 16109 16131 16144 16184 16193 16200 16267 16278 16300 16353 16384 16408 16425 16475 
	}
	manpower=100000
	state_category=large_town
	history = {
		owner = NUA
	}
	buildings_max_level_factor=1.000
}
