state={
	id=365
	name="STATE_365"
	provinces={
		328 349 385 449 603 684 708 722 729 793 839 1178 1301 1345 1434 1480 1493 1518 1541 1741 1951 1952 2030 2224 2258 2365 2397 2522 2541 2620 2627 2648 2697 2717 2772 2843 3087 3137 3314 3331 3370 3526 3583 3698 3825 3999 4193 4210 4225 4322 4357 4481 4752 4818 4953 5118 5179 5232 5314 5350 5361 5440 5802 5896 6026 6039 6129 6207 6298 6328 6502 6551 6652 6842 6881 7059 7147 7227 7232 7377 7487 7566 7683 7693 7695 8004 8092 8095 8176 8342 8356 8401 8542 8834 9171 9199 9202 9269 9283 9355 9419 9420 9424 9432 9445 9452 9659 9725 9931 9996 10018 10048 10055 10082 10140 10147 10295 10417 10460 10484 10527 10647 10700 10702 10829 15823 15849 15885 15918 15925 15934 15946 15973 15992 16009 16038 16046 16051 16067 16094 16095 16104 16127 16163 16194 16201 16209 16236 16237 16246 16247 16282 16301 16312 16313 16320 16327 16328 16347 16354 16355 16360 16368 16369 16409 16410 16416 16440 16461 16462 16483 16484 16485 16493 16503 16524 16540 16551 16552 16563 16564 16565 16584 16585 16589 16611 16612 16627 16628 16635 16651 16652 16657 16663 16664 16697 16706 16715 16724 16725 16747 16756 16798 16821 16835 16852 16853 16860 16861 16866 16884 16894 16895 16913 16921 16922 16923 16927 16946 16948 16956 16964 17000 17011 17012 17020 17041 17046 17072 17084 17092 17099 17106 17133 17145 17152 17161 17176 17216 17222 17238 17239 17243 17244 17270 17291 17303 17312 17320 17329 17341 17351 17352 17353 17365 17372 17373 17411 17417 17443 17444 17451 17510 17511 17527 17540 17547 17567 17579 17585 17604 17605 17641 17642 17676 17734 17788 17796 17856 
	}
	manpower=100000
	state_category=large_town
	history = {
		owner = NUA
	}
	buildings_max_level_factor=1.000
}
