state={
	id=37
	name="STATE_37"
	provinces={
		1053 1225 1765 2401 3055 3428 3460 3653 4083 4133 4178 4301 4568 5028 5362 5664 6021 6206 6569 6592 7764 7938 8376 8430 8487 8604 8855 8936 8973 9253 9647 9648 9799 10102 10662 11993 12004 12051 12052 12095 12103 12104 12133 12134 12135 12145 12237 12245 12304 12313 12314 12319 12328 12337 12338 12390 12414 12424 12425 12442 12446 12447 12459 12473 12474 12494 12525 12539 12540 12553 12564 12572 12595 12612 12656 12657 12670 12695 12702 12707 12761 12776 12780 12828 12841 12842 12895 12896 12902 12967 
	}
	manpower=100000
	state_category=large_town
	buildings_max_level_factor=1.000
}
