state={
	id=370
	name="STATE_370"
	provinces={
		130 436 439 534 1090 1859 1904 1950 1990 2502 2510 2689 2828 3211 3511 3701 3856 4514 4517 4803 4927 4974 5091 5151 5265 5429 5773 6085 6102 6154 6726 7256 7409 7660 7733 8237 8399 8461 8684 9044 9341 9495 9809 9911 9984 10015 10378 10466 10813 18467 18506 18569 18704 18705 18715 18729 18754 18759 18772 18789 18808 18843 18858 18863 18909 18916 18917 18942 18948 18965 18966 18978 18993 19007 19008 19031 19053 19060 19083 19100 19103 19104 19119 19120 19161 19174 19178 19204 19212 19228 
	}
	manpower=100000
	state_category=large_town
	history = {
		owner = NUA
	}
	buildings_max_level_factor=1.000
}
