state={
	id=372
	name="STATE_372"
	provinces={
		3 22 362 393 480 654 747 782 835 879 903 936 986 1011 1029 1065 1111 1131 1332 1350 1466 1484 1650 1689 1839 1942 2053 2266 2290 2516 2546 2591 2596 2649 2720 2935 2936 3132 3169 3204 3215 3246 3294 3527 3623 3750 3973 4075 4121 4152 4161 4453 4463 4484 4506 5162 5373 5449 5730 5744 5757 5885 5906 5925 6127 6374 6476 6497 6602 6779 6942 7343 7709 7725 7779 7847 8021 8080 8272 8315 8612 8822 9002 9110 9160 9315 9464 10100 10119 10349 10362 10474 10665 18714 18733 18765 18781 18788 18826 18842 18876 18887 18903 18915 18924 18941 18964 18982 18985 19001 19002 19003 19022 19026 19030 19051 19052 19068 19077 19086 19124 19129 19130 19131 19136 19141 19144 19168 19175 19188 19211 19217 19227 19244 19251 19264 19291 19299 19300 19307 19308 19343 19347 19354 19361 19404 19412 19427 19446 19472 19496 19499 19507 19510 19525 19533 19546 19559 19570 19571 19573 19580 19592 19606 19617 19619 19620 19627 19634 19652 19685 19693 19721 19729 19743 19777 19783 19784 19821 19862 19863 19901 19957 
	}
	manpower=100000
	state_category=large_town
	buildings_max_level_factor=1.000
}
