
state={
	id=373
	name="STATE_373"

	history={
		owner = NUA

	}

	provinces={
		148 152 339 994 1146 1576 1843 1964 2002 2580 2701 2922 3317 3414 3415 3574 3646 3668 4496 4518 4966 4986 5069 5071 5226 5374 5722 5738 6307 6526 6661 6935 7804 8160 8429 8456 8549 9079 9635 9753 9936 10809 19537 19566 19581 19600 19623 19624 19625 19632 19645 19646 19663 19668 19669 19675 19676 19690 19691 19694 19702 19709 19710 19715 19722 19723 19724 19740 19750 19752 19753 19768 19769 19770 19779 19780 19786 19791 19799 19809 19810 19822 19833 19844 19845 19847 19858 19859 19867 19871 19917 
	}
	manpower=100000
	buildings_max_level_factor=1.000
	state_category=large_town
}
