state={
	id=377
	name="STATE_377"
	provinces={
		530 554 752 1450 1907 2523 3197 3846 4143 4436 4460 4593 5291 5653 6022 6546 6961 6991 7841 7967 8386 8420 9108 9373 9841 9857 10600 10782 19918 19945 19976 20042 20043 20087 20112 20163 20202 20218 20226 20253 20267 20268 20269 20296 20305 20340 20389 20429 20430 20460 20481 20507 20553 20562 20570 20581 20606 20623 20631 20670 20691 20722 20747 20812 20911 20942 20975 
	}
	manpower=100000
	state_category=large_town
	buildings_max_level_factor=1.000
}
