state={
	id=378
	name="STATE_378"
	provinces={
		30 39 175 240 268 892 902 1028 1267 1630 1713 1947 1981 2070 2079 2376 2459 2488 2551 2624 2754 3412 3498 3594 3763 3783 4071 4200 4310 4378 4433 4510 4630 4767 4842 4925 5049 5244 5422 5708 5734 5737 5805 5997 6031 6059 6078 6350 6941 7056 7360 7622 7761 7872 7948 7973 8234 8269 8616 8815 9238 9266 9398 9433 9617 10344 10447 10537 10582 10643 10644 10898 19635 19680 19744 19760 19771 19772 19806 19808 19813 19837 19864 19865 19884 19892 19902 19910 19916 19919 19926 19930 19938 19947 19948 19958 19967 19968 19970 19978 19996 19997 20014 20015 20016 20022 20023 20024 20035 20051 20052 20070 20077 20078 20090 20098 20116 20117 20121 20122 20130 20141 20149 20150 20152 20166 20173 20174 20181 20182 20194 20197 20203 20204 20205 20224 20232 20254 20255 20260 20270 20273 20280 20286 20287 20307 20308 20313 20320 20321 20334 20335 20361 20362 20363 20373 20374 20380 20406 20413 20425 20434 20465 20466 20474 20475 20526 20565 
	}
	manpower=100000
	state_category=large_town
	buildings_max_level_factor=1.000
}
