state={
	id=38
	name="STATE_38"
	provinces={
		259 738 1245 1524 1764 1773 1910 1933 2050 2147 3337 3398 3420 3487 4032 4108 4235 4267 4360 4528 4792 5105 5224 5356 5561 5729 6268 6598 6624 6860 6985 7071 7151 7154 7593 7934 8242 8270 8387 9101 9121 9326 9436 9528 9754 10000 10111 10489 10764 12144 12166 12191 12203 12204 12236 12259 12266 12302 12353 12365 12388 12400 12423 12430 12441 12472 12492 12503 12522 12523 12524 12552 12594 12624 12625 12633 12668 12694 12718 12719 12725 12731 12751 12752 12788 12789 12798 12799 12818 12834 12867 12900 12901 12908 12922 12949 12955 13010 13016 13038 13048 13049 13067 13096 13106 13151 13154 13161 13205 13206 13242 13243 
	}
	manpower=100000
	state_category=large_town
	history = {
		owner = NUA
	}
	buildings_max_level_factor=1.000
}
