state={
	id=381
	name="STATE_381"
	provinces={
		354 629 946 1302 1322 1564 1695 1884 2143 2540 2810 3145 3184 3729 3852 4041 4229 4371 4515 4671 5390 5868 5873 6901 6925 7326 7342 8313 8655 8772 9118 9311 9498 9790 9892 10291 10398 10551 10742 10814 20384 20405 20436 20441 20473 20495 20508 20509 20537 20555 20556 20564 20583 20607 20617 20625 20626 20643 20671 20685 20727 20728 20740 20778 20782 20795 20796 20808 20825 20841 20847 20855 20868 20900 20915 20923 20935 20961 20968 20988 21020 21031 21048 21089 21137 21141 21142 21188 21194 21195 21198 
	}
	manpower=100000
	state_category=large_town
	buildings_max_level_factor=1.000
}
