state={
	id=385
	name="STATE_385"
	provinces={
		97 792 1306 1483 1598 1752 2248 2273 2552 2694 2987 3012 3592 3687 3933 4681 4699 4954 5228 5747 6364 6420 6804 6831 6908 6937 6965 7976 8530 8538 8817 9527 9712 9760 9889 9988 10124 10139 10245 10806 20142 20167 20186 20191 20198 20235 20246 20250 20261 20294 20336 20390 20397 20407 20447 20448 20488 20497 20550 20584 20613 20627 20657 20672 20704 20718 20756 20779 20835 20836 20873 20896 20937 20976 20989 21015 21016 
	}
	manpower=100000
	state_category=large_town
	buildings_max_level_factor=1.000
}
