state={
	id=387
	name="STATE_387"
	provinces={
		79 222 233 403 546 742 837 899 1154 1281 1366 1597 2612 2885 3097 3378 3461 3807 3841 4732 5123 5198 5229 5313 5365 5893 6411 6484 6662 7645 7941 7943 7996 8677 9035 9363 9838 10057 10196 10400 10604 20744 20758 20781 20792 20810 20820 20839 20844 20853 20889 20890 20898 20954 20966 20971 20981 21007 21008 21014 21044 21079 21086 21091 21155 21200 21206 21250 21255 21402 21450 
	}
	manpower=100000
	state_category=large_town
	history = {
		owner = NUA
	}
	buildings_max_level_factor=1.000
}
