state={
	id=389
	name="STATE_389"
	provinces={
		225 324 589 831 951 1037 1114 1818 1852 1867 1998 2068 2319 2335 2354 2395 2428 2582 2752 2808 2837 2880 2900 2945 2973 3057 3167 3367 3472 3599 3928 4259 4307 4395 4446 4467 4550 4584 4693 4764 4895 4962 5021 5047 5320 5366 5528 5536 5798 5821 5923 5952 5968 6004 6202 6525 6693 6812 6829 7137 7375 7463 7584 7696 7838 8048 8117 8362 8363 8438 8608 8625 8660 9145 9169 9201 9212 9726 9731 9935 10060 10160 10247 10446 10541 10886 20655 20684 20739 20764 20823 20882 20895 20907 20912 20922 20934 20998 20999 21004 21018 21019 21026 21027 21038 21046 21054 21055 21068 21078 21095 21113 21124 21125 21130 21159 21160 21172 21173 21193 21223 21224 21225 21226 21227 21236 21256 21257 21275 21283 21300 21301 21302 21323 21331 21357 21368 21378 21396 21397 21407 21408 21417 21420 21428 21433 21447 21465 21476 21483 21523 21530 21531 21550 21561 21569 21586 21591 21636 21640 21648 21667 21679 21713 
	}
	manpower=100000
	state_category=large_town
	buildings_max_level_factor=1.000
}
