state={
	id=39
	name="STATE_39"
	provinces={
		358 523 950 2149 2204 2260 2863 3117 3742 3892 4709 5158 5493 6988 7406 7700 8159 9141 9176 9685 9714 10389 10581 10698 12303 12389 12401 12458 12483 12493 12530 12563 12583 12634 12669 12678 12679 12742 12753 12856 12868 12869 12909 12941 12950 12977 13002 13003 13031 13050 13068 13107 13108 13118 13146 13207 13229 13279 13286 13291 13312 13369 
	}
	manpower=100000
	state_category=large_town
	history = {
		owner = NUA
	}
	buildings_max_level_factor=1.000
}
