state={
	id=392
	name="STATE_392"
	provinces={
		15 58 514 728 1303 1539 2028 2142 2519 2545 2708 2797 2947 3020 3039 3667 3991 4393 4465 4970 5363 5479 5511 5631 5846 5977 6118 6441 6536 6558 6621 6659 6761 7347 7469 7564 7714 7827 8198 8427 8598 8662 9196 9256 9300 9534 9640 9791 10507 10710 10825 20299 20355 20376 20388 20402 20404 20410 20428 20440 20478 20483 20494 20513 20522 20531 20532 20541 20548 20549 20552 20577 20586 20590 20602 20630 20635 20642 20650 20651 20652 20696 20701 20702 20717 20738 20751 20752 20753 20762 20763 20776 20800 20817 20818 20831 20832 20858 20878 20879 20885 20892 20914 20921 20941 20946 20950 20957 20958 20959 20974 21009 21035 
	}
	manpower=100000
	state_category=large_town
	buildings_max_level_factor=1.000
}
