state={
	id=393
	name="STATE_393"
	provinces={
		103 141 549 840 875 956 964 1047 1106 1157 1290 1469 1631 1645 1672 2280 3168 3902 3987 4559 4659 5100 5638 5819 5955 5974 6037 6913 7754 7994 8098 8243 8262 8407 8522 8566 8764 8848 9026 9186 9425 9595 9861 10267 10423 21099 21150 21165 21184 21212 21251 21267 21268 21280 21295 21308 21315 21319 21329 21330 21342 21347 21366 21386 21393 21403 21412 21442 21443 21461 21462 21469 21505 21506 21512 21513 21521 21528 21534 21535 21536 21548 21555 21556 21574 21581 21607 21608 21634 21643 21673 21692 21709 21730 21752 
	}
	manpower=100000
	state_category=large_town
	buildings_max_level_factor=1.000
}
