state={
	id=394
	name="STATE_394"
	provinces={
		582 957 979 1175 2021 2056 2553 2882 2944 4203 4223 5089 5339 5655 6487 6700 7732 7952 8122 8288 9217 9572 9856 10750 21388 21426 21444 21491 21501 21537 21557 21582 21618 21635 21645 21656 21693 21697 21698 21699 21710 21722 21741 21770 21776 21777 21829 21830 21831 21852 21902 21961 21967 21979 21980 21981 21992 22009 22031 22035 22036 
	}
	manpower=100000
	state_category=large_town
	history = {
		owner = NUA
	}
	buildings_max_level_factor=1.000
}
