
state={
	id=398
	name="STATE_398"
	provinces={
		135 160 188 421 789 833 878 1130 1148 1408 1714 1895 1925 2010 2012 2081 2133 2346 2491 2636 2653 2727 2894 2989 3061 3305 3330 3735 3785 4269 4501 4614 4843 4975 5004 5083 5132 5394 5461 5524 5663 5792 6094 6106 6376 6548 6633 6650 6705 7305 7482 7492 7494 7533 7545 7626 7687 8053 8284 8361 8562 8588 8800 8885 8993 9293 9328 9345 9394 9608 9619 9723 10086 10178 10185 10255 10293 10392 10478 10524 10552 10622 10678 10889 10908 21112 21158 21171 21222 21235 21263 21274 21299 21310 21349 21372 21376 21377 21405 21406 21416 21432 21438 21473 21474 21475 21489 21495 21508 21558 21559 21560 21568 21612 21613 21630 21678 21688 21689 21724 21725 21732 21733 21734 21755 21756 21772 21778 21784 21785 21793 21796 21803 21813 21822 21823 21843 21870 21879 21903 21904 21914 21924 21925 21950 21962 21974 21983 21993 22012 22032 22039 22040 22041 22092 22100 22123 22135 22136 22178 
	}
	manpower=0
	buildings_max_level_factor=1.000
}
