state={
	id=4
	name="STATE_4"
	provinces={
		537 952 1097 1757 2045 2418 2924 2994 3555 4972 5309 5706 5876 6153 6371 7440 7582 7685 7737 7909 8107 8147 8227 8369 8563 8739 8761 9031 9210 9416 9852 9976 10063 10205 10298 10737 10769 10804 10848 22702 22703 22708 22715 22725 22747 22757 22788 22830 22841 22848 22862 22879 22896 22901 22927 22928 22929 22969 22984 23003 23007 23009 23033 23036 23069 23079 
	}
	manpower=100000
	state_category=large_town
	history = {
		owner = NUA
	}
	buildings_max_level_factor=1.000
}
