state={
	id=401
	name="STATE_401"
	provinces={
		209 447 822 1142 1205 1440 1592 2506 2606 2815 3152 3534 3596 3850 3975 4009 4076 4531 4545 4823 5001 5156 5389 5810 6249 6410 6491 6698 6854 7013 7035 7103 7171 7446 7575 7766 7974 7982 8105 8116 8417 8488 8641 8784 8795 8975 9063 9297 9409 9702 10212 10505 21906 21994 22042 22050 22082 22108 22124 22144 22145 22149 22161 22200 22204 22240 22245 22250 22251 22264 22290 22293 22294 22312 22336 22337 22341 22349 22354 22355 22356 22362 22376 22383 22384 22388 22396 22404 22405 22407 22408 22418 22449 22455 22484 22492 22500 22501 22519 22520 22529 22534 22543 22551 22554 22575 22576 22577 22591 22592 22617 22652 22661 22662 22670 22693 
	}
	manpower=100000
	state_category=large_town
	buildings_max_level_factor=1.000
}
