state={
	id=42
	name="STATE_42"
	provinces={
		278 413 423 810 813 820 1109 1400 1605 1624 2043 2245 2264 2285 2300 2457 3072 3140 3243 3272 3520 3721 3744 3828 3894 4211 4227 5285 5956 6234 6859 6877 6999 7194 7213 7379 7444 7629 7647 7763 7884 7958 8980 9037 9185 9284 9327 10152 10174 10323 10715 12701 12759 12760 12796 12802 12833 12866 12883 12887 12921 12939 12986 12987 12993 12999 13000 13029 13035 13036 13047 13066 13083 13094 13095 13105 13126 13158 13163 13223 13234 13287 13303 13331 13345 13354 13368 13380 13406 13423 13433 13462 13468 13475 
	}
	manpower=100000
	state_category=large_town
	buildings_max_level_factor=1.000
}
