state={
	id=46
	name="STATE_46"
	provinces={
		505 1068 1152 1338 1504 1570 1795 2015 2233 2455 2471 2942 3549 4376 4386 4686 4913 4956 5143 5346 5870 5937 6239 6247 6319 6857 7164 7808 8373 8691 9319 9401 9450 9825 9874 9977 10851 10879 13059 13070 13114 13165 13166 13179 13233 13258 13294 13300 13323 13337 13338 13351 13378 13404 13417 13453 13482 13483 13517 13518 13529 13546 13553 13657 13674 13693 13718 13851 13852 13856 13919 13957 14099 14113 14169 14227 14285 14362 
	}
	manpower=100000
	state_category=large_town
	history = {
		owner = NUA
	}
	buildings_max_level_factor=1.000
}
