state={
	id=55
	name="STATE_55"
	provinces={
		136 414 973 2223 2933 3075 3940 3948 4109 4122 4876 5018 5056 5425 6792 7493 7511 7932 8302 8408 8535 8663 8849 9042 9184 9333 10304 10412 10501 10503 10514 10602 10690 10812 13278 13298 13326 13347 13383 13419 13441 13476 13486 13523 13524 13539 13543 13548 13583 13589 13590 13645 13652 13662 13704 13733 13734 13760 13766 13785 13801 13832 13868 13952 13953 14025 14094 14186 
	}
	manpower=100000
	state_category=large_town
	buildings_max_level_factor=1.000
}
