
state={
	id=58
	name="STATE_58"
	provinces={
		520 605 619 679 886 1204 1747 1785 1856 1995 2269 2308 2543 2681 2716 2809 2890 3216 3389 3684 3974 4247 5036 5073 5097 5248 5251 5392 5682 5732 5843 5874 6464 6568 6718 6844 6928 7002 7128 7544 7694 7770 7981 7983 8070 8090 8405 8475 9342 9551 9614 9639 9707 9774 10023 10098 10296 10328 10353 10730 10747 14123 14247 14279 14301 14302 14342 14381 14382 14395 14431 14449 14465 14528 14542 14558 14579 14593 14627 14632 14642 14667 14679 14713 14730 14747 14768 14778 14807 14843 14918 14941 14942 14964 15000 15053 15068 15106 15135 15179 15194 15204 15236 15243 15263 15264 15303 15316 
	}
	manpower=100000
	state_category=large_town
	history = {
		owner = NUA
	}
	buildings_max_level_factor=1.000
}
