
state={
	id=61
	name="STATE_61"
	provinces={
		368 908 1086 1088 1288 1490 1500 1600 1664 1698 1754 1874 1882 1978 2018 2199 2282 2299 2799 2918 2978 3026 3340 3625 3774 3829 4119 4144 4250 4382 4530 4616 4656 4676 4713 5081 5496 5858 6231 6407 6807 6824 6827 7004 7380 7417 7570 7594 7699 7767 7853 7985 8111 8138 8586 8652 8805 9305 9438 9999 10179 10488 10510 10795 10826 13681 13689 13741 13748 13753 13787 13805 13810 13836 13841 13849 13869 13870 13884 13907 13913 13918 13925 13944 13945 13998 14008 14017 14018 14043 14048 14086 14087 14088 14107 14126 14127 14156 14164 14165 14216 14217 14224 14234 14242 14243 14256 14274 14281 14292 14305 14306 14333 14339 14347 14370 14371 14390 14400 14434 14435 14436 14451 14460 14468 14494 14495 14497 14498 14518 14519 14532 14563 14568 14569 14581 14607 14645 14665 14670 14704 14722 14723 14756 14762 14776 14813 14828 14891 
	}
	manpower=100000
	state_category=large_town
	history = {
		owner = NUA
	}
	buildings_max_level_factor=1.000
}
