state={
	id=62
	name="STATE_62"
	provinces={
		12 38 69 91 271 291 293 338 391 453 454 683 717 850 874 1054 1113 1266 1313 1314 1317 1391 1398 1425 1456 1558 1628 1742 1750 1779 1832 2014 2017 2019 2062 2107 2156 2238 2244 2330 2404 2463 2484 2493 2536 2824 2986 3281 3346 3400 3417 3483 3503 3559 3715 3792 3811 3879 3960 3966 4014 4016 4146 4148 4202 4265 4277 4354 4423 4571 4607 4608 4783 4857 4865 4903 4932 5032 5135 5165 5238 5250 5444 5480 5568 5785 5891 5946 5961 5970 5984 6027 6086 6269 6348 6392 6424 6531 6618 6702 7134 7283 7515 7569 7625 7721 7743 7860 8217 8351 8380 8388 8419 8442 8541 8585 8762 8788 8850 8910 9022 9045 9094 9170 9233 9338 9403 9482 9584 9593 9691 9923 9938 9974 9992 10138 10154 10166 10168 10195 10251 10294 10331 10499 10512 10560 10569 10635 10673 10706 10774 10805 10818 10819 13688 13728 13767 13780 13803 13809 13835 13935 13936 13963 13984 14015 14016 14047 14057 14068 14075 14084 14085 14106 14125 14144 14155 14190 14194 14202 14211 14223 14233 14268 14291 14296 14297 14338 14364 14385 14389 14418 14419 14420 14433 14444 14458 14459 14480 14505 14517 14524 14525 14553 14554 14555 14561 14562 14567 14575 14576 14591 14596 14597 14606 14611 14621 14628 14638 14639 14656 14657 14663 14664 14669 14693 14694 14703 14734 14735 14742 14749 14754 14755 14759 14760 14771 14780 14781 14794 14795 14796 14802 14803 14810 14811 14826 14827 14853 14870 14871 14872 14877 14889 14895 14896 14927 14944 14945 14977 14991 14996 15012 15021 15028 15033 15041 15073 15102 15103 15109 15110 15123 15139 15146 15161 15162 15172 15215 15225 15249 15270 15287 15322 15327 15328 15368 15413 15433 15469 15480 15481 15485 15507 15544 15553 15554 15591 15660 15719 
	}
	manpower=100000
	state_category=large_town
	buildings_max_level_factor=1.000
}
