state={
	id=63
	name="STATE_63"
	provinces={
		305 317 345 557 613 2105 2452 2674 3031 3202 3611 3762 4377 4760 4890 5059 5125 5302 5545 5915 5926 6455 6669 6788 7273 7612 7799 7811 8470 8638 8892 8927 8961 9581 9661 9839 9926 10363 10370 10640 10646 10654 10799 13725 13775 13858 13922 13923 13966 13979 13990 13991 13996 14026 14036 14042 14095 14104 14110 14121 14131 14151 14162 14177 14193 14214 14249 14250 14251 14253 14266 14280 14289 14312 14313 14323 14332 14336 14353 14357 14377 14388 14397 14417 14450 14456 14475 14490 14493 14516 14531 14537 14538 14545 14552 14560 14580 14604 14610 14620 14655 14662 14668 14685 14686 14721 
	}
	manpower=100000
	state_category=large_town
	history = {
		owner = NUA
	}
	buildings_max_level_factor=1.000
}
