state={
	id=64
	name="STATE_64"
	provinces={
		583 933 1010 1275 1561 1669 1878 1905 4243 4773 4924 5186 5421 5532 5694 5715 5799 5942 6087 6457 6486 6785 6971 6975 7182 7391 7495 7705 9001 9167 9434 10118 10279 13976 14010 14035 14050 14112 14168 14195 14212 14218 14262 14276 14294 14295 14340 14356 14360 14361 14365 14407 14423 14477 14483 14491 14512 14522 14534 14564 14571 14626 14629 14630 14682 14688 14698 14718 14745 14746 14792 14799 14839 14864 14930 
	}
	manpower=100000
	state_category=large_town
	buildings_max_level_factor=1.000
}
