state={
	id=74
	name="STATE_74"
	provinces={
		306 574 610 861 1076 1078 1192 1229 1461 1636 1801 2063 2163 2371 2705 2829 2984 2992 3196 3265 3451 3473 3504 3597 3992 4101 4190 4442 4594 5287 5498 5537 5582 5841 6547 7200 7320 7448 7742 8012 8032 8253 8406 8555 8597 8706 8766 8787 8919 9075 9429 9477 9869 9922 9942 10158 10308 10432 10508 10666 10827 14761 14804 14812 14819 14835 14863 14873 14878 14890 14908 14909 14940 14982 14997 15002 15013 15022 15034 15058 15059 15062 15063 15080 15084 15085 15092 15111 15112 15140 15147 15157 15173 15186 15200 15201 15212 15226 15239 15254 15276 15277 15300 15306 15307 15349 15365 15404 15405 15414 15426 15439 15440 15448 15456 15461 15470 15482 15503 15519 15520 15527 15566 15567 15600 15655 15661 15720 
	}
	manpower=100000
	state_category=large_town
	buildings_max_level_factor=1.000
}
