state={
	id=81
	name="STATE_81"
	provinces={
		686 1291 1521 1967 2677 2719 2730 2811 2866 3217 3268 3834 3890 5619 6917 7063 7443 7453 8195 8254 8630 8700 9853 10272 10693 14933 14976 15008 15040 15071 15099 15100 15131 15144 15185 15189 15261 15267 15268 15320 15321 15348 15353 15375 15397 15398 15403 15412 15431 15432 15454 15468 15479 15525 15533 15543 15552 15564 15565 15609 15612 
	}
	manpower=100000
	state_category=large_town
	history = {
		owner = NUA
	}
	buildings_max_level_factor=1.000
}
