
state={
	id=82
	name="STATE_82"
	provinces={
		25 304 733 834 869 989 990 1012 1044 1164 1177 1370 1619 1941 1961 2168 2194 2202 2261 2320 2475 2508 2549 2679 2700 2926 3059 3086 3310 3341 3361 3383 3411 3426 3431 3499 3648 3775 3788 4285 4451 4598 4689 4694 4737 4923 4940 5061 5074 5107 5150 5446 5505 5913 5949 6235 6305 6504 6574 6613 7275 7290 7341 7405 7836 8077 8125 8264 8345 8590 8705 8898 8911 9136 9410 9411 9576 9650 9699 10316 10436 10577 10608 10610 10649 10880 13617 13618 13737 13771 13813 13819 13872 13897 13941 13949 13965 14011 14020 14021 14039 14052 14053 14060 14061 14078 14091 14115 14130 14137 14149 14159 14170 14188 14204 14205 14213 14220 14228 14229 14238 14239 14240 14246 14269 14270 14278 14299 14300 14310 14321 14328 14329 14341 14375 14403 14408 14409 14426 14455 14478 14485 14501 14507 14513 14535 14536 14572 14573 14578 14586 14641 14649 14672 14675 14707 14708 14712 14719 14720 14725 14766 14767 14774 14824 14832 14841 14842 14855 14856 14882 14901 14902 14903 14912 14917 14923 14936 14955 14972 14973 14988 14999 15005 15014 15025 15051 15052 15115 18473 21286 
	}
	manpower=0
	buildings_max_level_factor=1.000
}
