state={
	id=85
	name="STATE_85"
	provinces={
		193 676 1393 1810 2492 2633 2977 3129 3209 3252 3353 3627 3831 3898 4008 4183 4281 4333 4412 4538 4586 5443 5592 6382 6697 6920 6954 7101 8600 9155 9168 9303 9646 9715 9745 10456 10797 15149 15163 15174 15175 15217 15233 15240 15255 15296 15344 15356 15389 15390 15407 15421 15441 15462 15495 15508 15534 15601 15621 15662 15671 15678 15731 15735 15788 15799 15819 15857 15877 15902 15951 
	}
	manpower=100
	state_category = large_town
	history = {
		owner = NUA
	}
	buildings_max_level_factor=1.000

	history = {
		owner = NUA
		add_core_of = NUA
	}
}
