state={
	id=88
	name="STATE_88"
	provinces={
		258 307 862 1528 1800 2141 2201 2847 2895 3118 3369 3542 3997 4117 4337 4364 4539 4617 4826 5044 5308 6214 6272 6580 6997 7003 8168 8561 8901 9153 9287 9340 9392 9456 9837 10260 15232 15283 15288 15301 15342 15343 15354 15355 15384 15406 15419 15420 15483 15486 15494 15504 15545 15555 15568 15579 15590 15620 15652 15703 15710 15730 15742 15769 15830 15831 15882 15893 15894 15913 15937 15938 15977 16018 
	}
	manpower=100
	state_category = large_town
	buildings_max_level_factor=1.000

	history = {
		owner = NUA
		add_core_of = NUA
	}
}