state={
	id=98
	name="STATE_98"
	provinces={
		580 650 677 696 758 796 855 900 993 1777 1788 1792 2054 2433 2434 2461 2592 2664 2780 2857 2971 2976 2996 3079 3089 3128 3347 3365 3501 3656 3666 3672 4356 4914 4967 5009 5283 5330 5332 5403 5405 5566 6224 6421 6429 6446 6459 6482 6549 6577 6615 6741 6747 7000 7015 7085 7244 7429 7526 7567 7627 7635 8079 8099 8219 8439 8645 8930 8952 9048 9054 9159 9309 9575 9756 9765 9795 9875 10080 10342 10562 10856 22342 22371 22397 22419 22426 22445 22450 22466 22493 22502 22508 22535 22538 22544 22552 22618 22624 22632 22636 22663 22664 22671 22672 22688 22690 22699 22700 22709 22717 22729 22742 22743 22748 22749 22753 22758 22765 22774 22780 22781 22789 22794 22798 22805 22813 22819 22820 22831 22836 22842 22849 22850 22857 22871 22872 22875 22885 22890 22897 22902 22916 22919 22923 22930 22940 22941 22947 22948 22953 22962 22970 22977 22978 22982 22985 22986 23000 23010 23014 23015 23027 23029 23046 23048 23058 
	}
	manpower=100000
	state_category=large_town
	buildings_max_level_factor=1.000
}
